9.292422248872533
9.323275964480073
9.323275964480073
9.292422248872533
9.292422248872533
9.294530852491274
9.294530852491274
9.294530852491274
9.294530852491274
9.32025867792444
9.270095881579916
9.270095881579916
9.270095881579916
9.270095881579916
9.270095881579916
9.270095881579916
9.271698005422135
9.270095881579916
9.270095881579916
9.270095881579916
9.270095881579916
9.270095881579916
9.16523683588403
9.121208869586535
9.121208869586535
9.121208869586535
9.121208869586535
9.121208869586535
9.077458904054785
9.077458904054785
9.077458904054785
9.077458904054785
9.078885665108
9.105556157724639
9.105556157724639
9.32488383955761
9.32488383955761
9.32488383955761
9.32488383955761
9.32488383955761
9.32488383955761
9.32488383955761
9.32488383955761
9.32488383955761
9.32488383955761
9.32488383955761
9.298777877792805
9.298777877792805
9.298777877792805
9.298777877792805
9.31659666047027
9.323641290374802
9.323641290374802
9.307000101154692
9.307000101154692
9.307000101154692
9.307000101154692
9.32250042537699
9.307000101154692
9.32514692788062
9.324993641367769
9.324993641367769
9.324993641367769
9.324993641367769
9.324993641367769
9.324993641367769
9.324993641367769
9.324993641367769
9.324993641367769
9.324993641367769
9.324993641367769
9.325149937930536
9.325149937930536
9.325149937930536
9.325149937930536
9.325149937930536
9.325149937930536
9.325149937930536
9.325149937930536
9.325149937930536
9.325149937930536
9.325149937930536
9.325149937930536
9.325149937930536
9.325149937930536
9.325149937930536
9.325149937930536
9.325149937930536
9.325149937930536
9.325149937930536
9.32508408036444
9.32508408036444
9.32508408036444
9.32508408036444
9.32508408036444
9.323886784500003
9.317082140191177
9.317082140191177
9.317082140191177
9.317082140191177
9.324942933353462
9.324942933353462
9.323876888768664
9.324182615211196
9.313284649938607
9.313284649938607
9.302189015725457
9.32401468017896
9.302189015725457
9.324270781777605
9.325114783096826
9.324270781777605
9.324270781777605
9.324270781777605
9.324270781777605
9.324270781777605
9.324270781777605
9.324270781777605
9.324270781777605
9.324270781777605
9.324270781777605
9.324270781777605
9.32472033240049
9.324929854686388
9.324929854686388
9.324929854686388
9.324929854686388
9.324929854686388
9.324929854686388
9.324404660837336
9.324404660837336
9.324404660837336
9.324404660837336
9.324566442907944
9.325136064140477
9.325136064140477
9.324566442907944
9.324566442907944
9.324566442907944
9.324566442907944
9.324566442907944
9.324566442907944
9.324566442907944
9.324566442907944
9.324566442907944
9.324566442907944
9.324566442907944
9.324566442907944
9.325000316838164
9.320666883302975
9.325126661465514
9.325126661465514
9.325126661465514
9.323044427776992
9.323044427776992
9.320666883302975
9.320666883302975
9.320517070133073
9.309402705972074
9.293598798840518
9.318398144066736
9.310386728019406
9.32511078310365
9.32511078310365
9.32511078310365
9.32511078310365
9.32511078310365
9.31662281151584
9.324595415725508
9.322883924517953
9.310386728019406
9.310963371801124
9.317510060556707
9.314471880575296
9.324422433887072
9.324422433887072
9.325100494691625
9.323037338308309
9.323037338308309
9.3210673425625
9.289958222333137
9.302679440655833
9.302679440655833
9.3201930236095
9.325009202125521
9.310733676709969
9.313253036310366
9.313253036310366
9.313253036310366
9.324899280871541
9.313253036310366
9.313253036310366
9.32511014743
9.32511014743
9.32511014743
9.32511014743
9.32511014743
9.32511014743
9.323795247235067
9.319619676777283
9.28790599401291
9.323242084432566
9.323242084432566
9.323242084432566
9.323242084432566
9.323242084432566
9.323242084432566
9.323242084432566
9.303322873515151
9.30728537352244
9.28790599401291
9.30343764853949
9.30343764853949
9.30343764853949
9.30343764853949
9.318459942593787
9.324364588050559
9.318459942593787
9.318459942593787
9.325038118508923
9.30343764853949
9.30343764853949
9.30343764853949
9.316393738437712
9.316393738437712
9.316393738437712
9.316393738437712
9.316393738437712
9.316393738437712
9.30343764853949
9.30343764853949
9.295276642984783
9.309317751948882
9.309317751948882
9.309317751948882
9.24691650040604
9.323338802669838
9.323338802669838
9.323338802669838
9.323338802669838
9.323338802669838
9.323338802669838
9.323864286905996
9.323338802669838
9.323338802669838
9.323338802669838
9.323338802669838
9.323338802669838
9.323338802669838
9.323338802669838
9.323338802669838
9.323338802669838
9.323338802669838
9.31927450347471
9.323817585500482
9.323817585500482
9.324388419089026
9.324388419089026
9.324388419089026
9.303762745735025
9.324612110040764
9.310085183476971
9.310085183476971
9.310085183476971
9.311799214193218
9.311799214193218
9.31189971249844
9.313793062319888
9.31189971249844
9.31189971249844
9.31189971249844
9.315935095341047
9.31189971249844
9.31189971249844
9.32274464071611
9.32274464071611
9.32274464071611
9.32274464071611
9.321257683331297
9.32513134531026
9.321257683331297
9.325002766392611
9.325002766392611
9.325002766392611
9.325002766392611
9.325002766392611
9.324591332125479
9.324591332125479
9.324591332125479
9.324591332125479
9.324591332125479
9.324591332125479
9.324591332125479
9.324591332125479
9.324591332125479
9.324591332125479
9.32350818604771
9.32350818604771
9.32350818604771
9.32350818604771
9.32350818604771
9.32350818604771
9.32350818604771
9.324946021866364
9.324946021866364
9.324946021866364
9.324946021866364
9.3244809464455
9.3244809464455
9.325092046545116
9.325092046545116
9.325089378651239
9.3244809464455
9.3244809464455
9.325147582111914
9.31941020880239
9.31941020880239
9.31941020880239
9.31941020880239
9.321763101483848
9.318904606233607
9.318904606233607
9.318904606233607
9.318904606233607
9.318904606233607
9.324763664948325
9.318904606233607
9.323729645011255
9.323729645011255
9.323729645011255
9.318904606233607
9.309180571711064
9.309180571711064
9.317811528344055
9.324839232455393
9.317811528344055
9.317811528344055
9.317811528344055
9.317811528344055
9.317811528344055
9.317811528344055
9.324683805790132
9.324683805790132
9.324683805790132
9.325147765737862
9.325147765737862
9.324683805790132
9.324683805790132
9.324683805790132
9.31827540334977
9.322888601285836
9.322888601285836
9.322888601285836
9.322888601285836
9.322888601285836
9.322888601285836
9.322888601285836
9.322888601285836
9.322888601285836
9.322888601285836
9.322888601285836
9.322888601285836
9.322888601285836
9.322888601285836
9.322888601285836
9.308050592630895
9.308050592630895
9.308050592630895
9.295788936106925
9.295788936106925
9.321881799651582
9.322016945000737
9.314456866591552
9.314456866591552
9.314456866591552
9.31526478474587
9.31526478474587
9.31526478474587
9.320610719108872
9.320610719108872
9.325064748512839
9.32475001145417
9.32475001145417
9.32475001145417
9.32493465210821
9.32475001145417
9.32475001145417
9.32475001145417
9.32475001145417
9.322839805203962
9.322839805203962
9.294292607596821
9.294292607596821
9.294292607596821
9.299885196137614
9.299885196137614
9.299885196137614
9.299885196137614
9.29995181745263
9.29995181745263
9.29995181745263
9.29995181745263
9.322043114518912
9.243934558099715
9.243934558099715
9.264571838045159
9.264571838045159
9.314072770352
9.264571838045159
9.264571838045159
9.264571838045159
9.109101801728864
9.071020767789511
9.100203169016567
9.250254459147751
9.250254459147751
9.075176696486258
9.075176696486258
9.26877860020942
9.26877860020942
9.314889526364313
9.314889526364313
9.314889526364313
9.31974947605378
9.31974947605378
9.316322982573165
9.316322982573165
9.314889526364313
9.314889526364313
9.243251473776764
9.284936359572793
9.284936359572793
9.284936359572793
9.264876518397802
9.216064677658801
9.189721560856253
9.189721560856253
9.257909089820574
9.257909089820574
9.257909089820574
9.257909089820574
9.219660607331438
9.188810157438215
9.188810157438215
9.129976795161147
9.318980595158093
9.301606104853043
9.301606104853043
9.228671872109093
9.228671872109093
9.228671872109093
9.228671872109093
9.287297399843597
9.287297399843597
9.287297399843597
9.287297399843597
9.270465029569607
9.288069566524493
9.319238312470144
9.126856697173242
9.126856697173242
9.23734946763453
9.126856697173242
9.176433105447622
9.126856697173242
9.220727246181594
9.126856697173242
9.310036509362435
9.310036509362435
9.310036509362435
9.310036509362435
9.310036509362435
9.310036509362435
9.320571608244338
9.322122351494887
9.3200316977726
9.324670393410216
9.324670393410216
9.32305597355578
9.32305597355578
9.310036509362435
9.310036509362435
9.310036509362435
9.310036509362435
9.310036509362435
9.310036509362435
9.323596060145306
9.323596060145306
9.323596060145306
9.310036509362435
9.310036509362435
9.310036509362435
9.310036509362435
9.304283733920546
9.248534460323924
9.248534460323924
9.248534460323924
9.248534460323924
9.248534460323924
9.248534460323924
8.635752953284193
8.635752953284193
8.635752953284193
8.635752953284193
8.635752953284193
8.577345576285431
8.911736370328567
8.911736370328567
8.911736370328567
8.911736370328567
8.911736370328567
9.03789390377089
9.03789390377089
9.056815135769236
9.03789390377089
9.03789390377089
9.294239541588857
9.294239541588857
9.305546743998903
9.305546743998903
9.305546743998903
9.323844609149747
9.323844609149747
9.325148068152796
9.325148068152796
9.325148068152796
9.325148068152796
9.325148068152796
9.325148068152796
9.325148068152796
9.325148068152796
9.325148068152796
9.325148068152796
9.323844609149747
9.320391102334574
9.323877495610791
9.311418618829633
9.311418618829633
9.321814073108003
9.324515444013901
9.324515444013901
9.324515444013901
9.324515444013901
9.324515444013901
9.324515444013901
9.324515444013901
9.324515444013901
9.324515444013901
9.324515444013901
9.324515444013901
9.324024040147048
9.324024040147048
9.324024040147048
9.324024040147048
9.325033511194524
9.324024040147048
9.324024040147048
9.324024040147048
9.324024040147048
9.319054356410081
9.319054356410081
9.319054356410081
9.313573367497083
9.313573367497083
9.313573367497083
9.313573367497083
9.313573367497083
9.311480790504502
9.311480790504502
9.311480790504502
9.311480790504502
9.311480790504502
9.294328794590605
9.319106138020402
9.321901652298772
9.319106138020402
9.319106138020402
9.319106138020402
9.319106138020402
9.325103823879207
9.325103823879207
9.325085052605221
9.325085052605221
9.325085052605221
9.325085052605221
9.324000587847912
9.324000587847912
9.325137971767427
9.325137971767427
9.325137971767427
9.325137971767427
9.324640354283776
9.324908353396925
9.324908353396925
9.324908353396925
9.324908353396925
9.324908353396925
9.324908353396925
9.324908353396925
9.324908353396925
9.324190116721198
9.324190116721198
9.324190116721198
9.32365647399092
9.32365647399092
9.32365647399092
9.32365647399092
9.32365647399092
9.31732317148768
9.31732317148768
9.234370944322198
9.234370944322198
8.931954305202847
9.070927876353375
9.070927876353375
9.101943174838514
9.101943174838514
9.101943174838514
9.070927876353375
8.885208893957179
8.850716680082419
8.850716680082419
8.884152396849396
8.97056920824423
8.97056920824423
8.97056920824423
8.97056920824423
9.123366281081564
9.123366281081564
9.127865505451124
9.054982365317981
9.11173311292455
9.146180985619093
9.30778946423276
9.30778946423276
9.323111625461808
9.323111625461808
9.323111625461808
9.324954947092646
9.323111625461808
9.323111625461808
9.323111625461808
9.323111625461808
9.323111625461808
9.323111625461808
9.323111625461808
9.322926335102295
9.16549589123476
9.212858935237325
9.16549589123476
9.16549589123476
9.16549589123476
9.16549589123476
9.16549589123476
9.211343487260006
9.190218976549529
9.190218976549529
9.190218976549529
9.238276934676856
9.19969152384915
9.196802783688113
9.313494889202172
9.325061110486429
9.313494889202172
9.313494889202172
9.313494889202172
9.313494889202172
9.313494889202172
9.313494889202172
9.313494889202172
9.313494889202172
9.313494889202172
9.321419412176413
9.323664835722091
9.321419412176413
9.321419412176413
9.321419412176413
9.321419412176413
9.321419412176413
9.313781877139206
9.313781877139206
9.289134766372364
9.289134766372364
9.282323548426923
9.255779780872931
9.258279442914937
9.258279442914937
9.258279442914937
9.255779780872931
9.281586345759939
9.274179385069687
9.036808052093855
9.050026788690513
9.048081433060077
9.048081433060077
9.048081433060077
9.048081433060077
9.242021079357885
9.15698633290265
9.198619710243715
9.198619710243715
8.947304901237587
9.059206727581236
9.172259082289568
9.059206727581236
8.947304901237587
8.95865056289693
8.95865056289693
9.174065532665118
9.174065532665118
9.174065532665118
9.174065532665118
9.174065532665118
9.174065532665118
9.18561326517309
9.18561326517309
9.220959993814484
9.220959993814484
9.192477536817995
9.192477536817995
9.223851819545786
9.27356889560312
9.295020891406853
9.192477536817995
9.192477536817995
8.577073455143337
8.846761786286047
8.529054333658278
8.864613298195453
8.812330653701471
8.812330653701471
8.812330653701471
8.690542327935455
8.690542327935455
8.754976147726829
8.486322680728072
8.486322680728072
8.501862128618168
8.596164401344595
8.596164401344595
8.345741009621856
8.400587526260173
8.443881364093954
8.443881364093954
8.443881364093954
8.317838978451128
8.211480679433517
8.494390324088638
8.494390324088638
8.582946646132992
8.456474140091622
8.211480679433517
8.211480679433517
8.211480679433517
8.211480679433517
8.293343322124452
8.341179980479314
8.341179980479314
8.341179980479314
8.600114422420294
8.600114422420294
8.601505940290973
8.517369303978375
8.421531815739185
8.637125302045257
8.637125302045257
8.637125302045257
8.637125302045257
8.637125302045257
8.637125302045257
8.637125302045257
8.637125302045257
8.94023728372739
8.94023728372739
8.94023728372739
8.94023728372739
8.94023728372739
8.747877550148544
8.840101396261343
8.840101396261343
8.840101396261343
8.840101396261343
8.840101396261343
8.677787707469868
8.908681661495509
8.637462100170637
8.637462100170637
9.081089153772654
9.081089153772654
9.081089153772654
9.081089153772654
9.198304844502408
9.198304844502408
9.198304844502408
9.198304844502408
9.093812234793083
9.081089153772654
9.172230804987395
9.172230804987395
9.217924770900261
9.048968892096632
8.72737268683133
8.95506405209689
8.661888879568098
8.730475829778845
8.730475829778845
8.730475829778845
8.724485409700879
8.724485409700879
8.661888879568098
8.97652295049732
8.788581696902405
8.788581696902405
8.788581696902405
8.788581696902405
8.788581696902405
8.788581696902405
8.788581696902405
8.788581696902405
8.74574580018294
8.74574580018294
8.74574580018294
8.661888879568098
8.609874439395643
8.609874439395643
8.609874439395643
8.609874439395643
8.818478865645815
8.818478865645815
8.609874439395643
8.609874439395643
8.71802018465316
8.902176709707458
8.815238147226061
8.93201680423895
8.93201680423895
8.93201680423895
9.20601543517025
9.20601543517025
9.211387869671185
9.20601543517025
9.20601543517025
9.20601543517025
9.20601543517025
9.20601543517025
9.20601543517025
9.20601543517025
9.20601543517025
9.20601543517025
9.16943796670983
9.06556064691613
9.06556064691613
9.06556064691613
9.06556064691613
9.278212299927544
9.06556064691613
9.267364914467228
9.267364914467228
9.267364914467228
9.06556064691613
9.06556064691613
9.163833200092974
9.06556064691613
9.170016790123308
9.170016790123308
9.261479331191877
9.261479331191877
9.297986844516846
9.302879358170417
9.302879358170417
9.302879358170417
9.302879358170417
9.302879358170417
8.238483107587923
8.282001580284419
8.282001580284419
8.282001580284419
8.282001580284419
8.282001580284419
8.158318410186034
8.158318410186034
8.158318410186034
8.158318410186034
8.158318410186034
8.298144135425494
8.279386548349622
8.158318410186034
8.158318410186034
8.296462046315591
8.543047404128481
8.543047404128481
8.296462046315591
8.296462046315591
8.311189666632261
8.296462046315591
8.647044776021337
8.30417128021839
8.296462046315591
8.296462046315591
8.296462046315591
8.528841123315802
8.394779771491395
8.747138090456845
8.401634464467831
8.401634464467831
8.296462046315591
8.296462046315591
8.296462046315591
8.367125288285473
8.146923297181447
8.146923297181447
8.146923297181447
8.146923297181447
8.172234870552806
8.172234870552806
8.22649333285469
8.172234870552806
8.172234870552806
8.548251060461423
8.548251060461423
8.172234870552806
8.172234870552806
8.172234870552806
8.383573822477704
8.383573822477704
8.383573822477704
8.383573822477704
8.383573822477704
8.383573822477704
8.383573822477704
8.741121716429685
8.383573822477704
8.383573822477704
7.727162476091915
7.727162476091915
7.727162476091915
7.727162476091915
7.846384382651216
7.933021693787115
7.933021693787115
7.933021693787115
7.882340870518032
7.821868695950769
7.821868695950769
7.725218755842956
7.778614491104703
7.745666464291645
7.745666464291645
7.839832983241346
7.745666464291645
7.745666464291645
7.745666464291645
7.897522910157728
7.746114185611748
7.863443468771975
7.746114185611748
7.746114185611748
8.023134662616524
8.256316900502899
8.023134662616524
8.023134662616524
8.023134662616524
8.023134662616524
8.023134662616524
7.854390524572586
7.831388477939637
7.880169786393963
7.944001226868686
8.071167134616905
8.071167134616905
7.867903965637366
7.867903965637366
7.828058368003964
8.312085767380584
8.312085767380584
8.312085767380584
8.312085767380584
8.312085767380584
8.43498509486581
8.312085767380584
8.312085767380584
8.312085767380584
8.312085767380584
8.000502244264844
8.000502244264844
8.000502244264844
8.387149830454284
8.629790380187945
8.629790380187945
8.629790380187945
8.629790380187945
9.029381046295473
9.792385669599566
9.792385669599566
9.88419843516243
10.212676858762835
10.212676858762835
10.212676858762835
10.212676858762835
9.899869415359813
9.899869415359813
9.899869415359813
9.899869415359813
9.792385669599566
9.792385669599566
9.792385669599566
9.792385669599566
9.699716798494693
9.699716798494693
9.699716798494693
9.699716798494693
9.699716798494693
9.699716798494693
9.699716798494693
9.699716798494693
9.787411303349353
9.787411303349353
9.787411303349353
10.054758453871603
10.054758453871603
10.433126507366449
10.433126507366449
10.433126507366449
11.146881979054061
11.146881979054061
11.146881979054061
11.146881979054061
11.146881979054061
11.146881979054061
11.174607161810286
11.174607161810286
11.174607161810286
11.174607161810286
11.196359359591694
11.196359359591694
11.196359359591694
11.646774639871923
11.646774639871923
11.646774639871923
11.646774639871923
11.646774639871923
11.512799752307538
11.512799752307538
11.512799752307538
11.512799752307538
11.512799752307538
11.512799752307538
11.679646130565057
11.679646130565057
11.68230958383971
11.68230958383971
11.406382307642577
11.406382307642577
11.406382307642577
11.406382307642577
11.406382307642577
11.406382307642577
11.406382307642577
11.597718965901736
11.617774567516372
11.445726041088761
11.325784703417428
11.276411028806487
11.276411028806487
11.276411028806487
11.276411028806487
11.276411028806487
11.276411028806487
11.276411028806487
11.276411028806487
10.83550466464339
10.83550466464339
11.117452271348144
10.83550466464339
11.151113722301575
11.260696259635164
11.260696259635164
10.95206451251417
10.772184869099032
10.772184869099032
11.116816403492102
11.420576977833987
11.420576977833987
11.420576977833987
11.281686211505273
11.378060535521573
11.436278986279895
11.378060535521573
11.259635921227664
11.259635921227664
11.259635921227664
11.259635921227664
11.259635921227664
11.259635921227664
11.259635921227664
11.259635921227664
11.259635921227664
11.259635921227664
11.342681495134402
11.452761390580351
11.342681495134402
11.342681495134402
11.387777367450619
11.342681495134402
11.316996266167997
11.316996266167997
11.259635921227664
11.259635921227664
11.259635921227664
11.259635921227664
11.556383098136603
11.556383098136603
11.556383098136603
11.556383098136603
11.556383098136603
11.556383098136603
11.556383098136603
11.556383098136603
11.556383098136603
11.556383098136603
11.756966105162627
11.756966105162627
11.756966105162627
11.756966105162627
11.556383098136603
11.556383098136603
11.556383098136603
10.513245009439125
10.486962166025885
10.486962166025885
10.935345686100938
10.935345686100938
10.935345686100938
10.596324969014006
10.596324969014006
10.903374543154753
10.53670401605409
10.53670401605409
11.254691526747566
10.53670401605409
10.486962166025885
10.914234752161109
10.486962166025885
10.486962166025885
10.499517667515606
10.499517667515606
10.680271069002638
10.680271069002638
10.720096981932869
10.680271069002638
10.680271069002638
10.637287529898344
11.154921404306942
11.169493584615392
10.95828965284985
10.95828965284985
11.08802178134596
11.142245788819618
11.142245788819618
11.142245788819618
11.142245788819618
11.142245788819618
11.142245788819618
11.142245788819618
11.142245788819618
11.277172950944928
11.277172950944928
11.277172950944928
11.277172950944928
11.142245788819618
11.142245788819618
11.142245788819618
11.145574045699679
11.145574045699679
11.145574045699679
11.145574045699679
11.145574045699679
11.145574045699679
11.145574045699679
11.145574045699679
11.145574045699679
11.145574045699679
11.562169875340384
11.145574045699679
11.145574045699679
11.145574045699679
11.61612321140932
11.145574045699679
11.145574045699679
11.145574045699679
11.145574045699679
11.145574045699679
11.145574045699679
11.145574045699679
11.145574045699679
11.145574045699679
10.20059657070136
10.384950871975605
10.20059657070136
9.70270311121819
9.552194737178436
10.288436655897675
10.288436655897675
10.288436655897675
9.552194737178436
9.65785258084259
9.198520062985832
8.911735647887504
9.00795698297959
9.00795698297959
9.17743508323024
9.00795698297959
9.00795698297959
9.00795698297959
9.202644429278946
9.202644429278946
9.00795698297959
9.00795698297959
9.210603284403959
9.758286457893712
9.210603284403959
9.585705468561802
9.784068140579588
9.077539820630841
9.077539820630841
9.071429714927062
9.57497103233156
9.071429714927062
9.051515984514948
9.051515984514948
9.352669598379656
9.352669598379656
9.00795698297959
9.12884031388222
9.00795698297959
9.00795698297959
9.00795698297959
9.00795698297959
9.00795698297959
9.319065328780093
9.102930703014772
9.00795698297959
9.29857284033993
9.29857284033993
10.098124954383389
10.098124954383389
10.098124954383389
10.098124954383389
10.098124954383389
10.098124954383389
10.098124954383389
10.098124954383389
10.098124954383389
10.098124954383389
10.098124954383389
10.098124954383389
10.098124954383389
10.12195530686622
10.12195530686622
10.12195530686622
9.370141660771848
9.477629693001742
10.19093063640151
9.478147239839974
9.25854378436454
9.25854378436454
9.25854378436454
9.25854378436454
9.25854378436454
9.25854378436454
9.806823397541978
9.806823397541978
9.806823397541978
9.806823397541978
9.806823397541978
9.605629492403198
9.605629492403198
9.605629492403198
9.605629492403198
9.605629492403198
9.605629492403198
9.041285048515594
9.289103076590514
9.40183715480519
9.40183715480519
8.842751805625172
8.935491885453333
9.297195306827817
9.197642472866988
9.197642472866988
9.420464212544001
9.451996628534932
9.197642472866988
9.197642472866988
9.197642472866988
9.91136339740847
9.446964586513932
9.446964586513932
9.446964586513932
9.446964586513932
9.440370502843848
9.440370502843848
9.440370502843848
9.440370502843848
9.118112362996007
9.12002204334977
9.12002204334977
9.269644699490561
9.179152938460357
9.497634829644344
9.497634829644344
9.497634829644344
9.111186212788953
9.258009955771753
9.037432280724213
9.285758391948432
9.285758391948432
9.565284424521677
9.72310248827576
9.72310248827576
9.483199281727298
9.483199281727298
9.639385743963215
9.720994495597596
9.639385743963215
9.894576979939389
9.426302128101325
10.036847176539418
10.036847176539418
10.036847176539418
10.036847176539418
10.036847176539418
10.036847176539418
10.49626745826297
9.41988939888209
9.41988939888209
9.41988939888209
9.471935800154458
9.471935800154458
9.471935800154458
9.471935800154458
9.471935800154458
9.471935800154458
9.87649500443823
9.961873987556926
9.961873987556926
9.961873987556926
9.961873987556926
9.471935800154458
9.81288073169646
9.89649368754607
9.89649368754607
9.89649368754607
9.89649368754607
10.426425398356395
10.426425398356395
9.84055713665611
10.173610038979607
10.173610038979607
10.173610038979607
9.842075875872698
9.994879143811364
10.58073698702556
10.58073698702556
10.079223526262558
10.079223526262558
10.139458350102299
10.050871197831329
10.430533980419641
9.738923701827993
10.444090664253778
9.471935800154458
9.471935800154458
9.471935800154458
9.471935800154458
10.131100743675077
10.131100743675077
9.471935800154458
9.471935800154458
9.471935800154458
10.291172231994812
9.907135655939063
10.054340877452866
10.054340877452866
10.054340877452866
10.153108630313396
10.28504236778216
10.28504236778216
10.28504236778216
10.28504236778216
10.477662289713845
10.72536857039346
10.890872028378826
10.499681436064595
11.130889196267406
10.477662289713845
10.477662289713845
10.477662289713845
11.311490234308017
11.311490234308017
11.311490234308017
11.311490234308017
11.311490234308017
11.311490234308017
11.340898786274064
11.311490234308017
11.30450039995615
11.30450039995615
11.30450039995615
11.30450039995615
11.30450039995615
11.514188519597763
11.549896748191298
11.324613564904059
11.28530671757885
11.28530671757885
10.458147092551275
10.458147092551275
10.458147092551275
10.673021052536816
10.531735832288446
10.518071038374154
10.659210126744483
10.659210126744483
10.458147092551275
10.458147092551275
10.458147092551275
10.458147092551275
10.408320955582527
10.408320955582527
10.723967475267605
10.723967475267605
10.870482803906143
10.870482803906143
10.870482803906143
10.773113461091889
10.773113461091889
10.785370043206573
10.785370043206573
11.009121837440553
11.009121837440553
11.009121837440553
11.009121837440553
11.009121837440553
11.009121837440553
11.009121837440553
10.928996084933162
10.928996084933162
10.928996084933162
10.928996084933162
10.922484791941285
10.922484791941285
10.922484791941285
10.922484791941285
11.12520821132965
11.12520821132965
11.12520821132965
11.17478027205233
11.17478027205233
11.17478027205233
11.17478027205233
11.17478027205233
11.38042831187206
11.38042831187206
11.38042831187206
11.38042831187206
11.38042831187206
11.38042831187206
11.38042831187206
11.38042831187206
11.38042831187206
11.38042831187206
11.5224540637505
11.5224540637505
11.724910020380012
11.5224540637505
11.5224540637505
11.5224540637505
11.460555262721684
11.460555262721684
11.460555262721684
11.460555262721684
11.460555262721684
11.604396179457499
11.508211737320432
11.460555262721684
11.460555262721684
11.176254423313091
11.543353799435083
11.176254423313091
11.176254423313091
11.176254423313091
11.176254423313091
11.176254423313091
11.176254423313091
11.367520179187258
11.256268422038918
11.256268422038918
11.256268422038918
11.645180103648507
11.454569464424024
11.460428989986717
11.460428989986717
11.553191345725962
11.553191345725962
11.460428989986717
11.460428989986717
11.228710685061603
11.293763290953263
11.293763290953263
11.499900779816514
11.766516055579888
11.766516055579888
11.766516055579888
11.499900779816514
11.628443537147131
11.659024745474056
11.499900779816514
11.499900779816514
11.714578461440835
11.714578461440835
11.714578461440835
11.714578461440835
11.714578461440835
11.80779108599847
11.80779108599847
11.714578461440835
11.714578461440835
11.714578461440835
11.714578461440835
11.714578461440835
11.589399095920758
11.589399095920758
10.96624118280425
10.569553333079725
10.569553333079725
10.569553333079725
10.569553333079725
10.794019029188917
10.794019029188917
10.794019029188917
10.569553333079725
10.289933607897245
10.289933607897245
10.464248181667163
10.464248181667163
10.464248181667163
10.289933607897245
10.542577985604158
11.07694109877405
10.542577985604158
10.542577985604158
11.047479705028369
10.605979103138177
10.542577985604158
11.37642786213331
11.37642786213331
11.37642786213331
11.37642786213331
11.37642786213331
11.37642786213331
11.37642786213331
10.904972946569915
10.91534881180555
10.542577985604158
10.848354278982345
10.523726049852364
10.523726049852364
11.130526173591136
11.130526173591136
11.130526173591136
11.175679329608428
11.175679329608428
10.606046392567087
10.76472089264751
10.859824138186957
11.03396660741324
11.03396660741324
10.76472089264751
10.76472089264751
10.76472089264751
10.76472089264751
10.76472089264751
10.955823420841027
10.990440759097726
10.955823420841027
10.955823420841027
10.987786778380109
10.76472089264751
10.76472089264751
10.76472089264751
10.76472089264751
10.76472089264751
10.873838433604444
10.873838433604444
10.76472089264751
10.91929633147267
11.34815608224368
11.34815608224368
10.800657305908844
10.800657305908844
10.800657305908844
10.800657305908844
11.002824254637366
11.159195783598763
11.159195783598763
11.159195783598763
11.159195783598763
11.305189776923093
11.305189776923093
11.439404186936272
11.305189776923093
11.305189776923093
11.702205058599446
11.702205058599446
11.29478504965913
11.29478504965913
11.29478504965913
11.466253584393622
11.128469055300878
11.128469055300878
11.128469055300878
11.265584779448876
11.290603424345319
11.33822118884983
11.389006378109954
11.389006378109954
11.6023683611002
11.389006378109954
11.389006378109954
11.389006378109954
11.389006378109954
11.389006378109954
11.389006378109954
11.38786327913404
11.219009371808266
11.219009371808266
11.219009371808266
10.76146271562921
10.76146271562921
10.76146271562921
10.76146271562921
10.76146271562921
11.047936400834356
11.047936400834356
11.047936400834356
11.047936400834356
10.155149738867918
10.19332136805647
10.19332136805647
10.19332136805647
10.19332136805647
10.19332136805647
10.193479884152522
10.287358064129062
9.955350027680927
10.011514795496494
10.011514795496494
11.022520783471926
11.022520783471926
10.363309454966917
9.955350027680927
9.97413188635198
10.61777505339163
10.703548068119288
10.61777505339163
10.61777505339163
10.61777505339163
10.61777505339163
10.985290644515743
10.985290644515743
10.985290644515743
10.985290644515743
10.985290644515743
10.985290644515743
10.985290644515743
10.985290644515743
10.985290644515743
10.985290644515743
11.065218497172978
10.985290644515743
10.985290644515743
11.230957622390271
11.230957622390271
11.230957622390271
11.322330640307445
11.322330640307445
11.322330640307445
11.679184681708564
11.35375814388024
11.35375814388024
11.628456127910024
11.230957622390271
11.230957622390271
11.413815103943122
11.413815103943122
11.426409212566902
11.413815103943122
11.258926734121841
11.230957622390271
11.230957622390271
11.230957622390271
11.230957622390271
11.369173764927758
11.369173764927758
11.583140807089087
11.583140807089087
11.583140807089087
11.170204047479514
11.170204047479514
11.170204047479514
11.170204047479514
10.874246702932195
10.874246702932195
11.059213856495397
10.462672884451905
10.462672884451905
10.462672884451905
8.991409647435436
9.294705945277592
9.294705945277592
9.177603268257657
9.899091405549843
9.899091405549843
9.899091405549843
9.899091405549843
9.899091405549843
9.899091405549843
9.899091405549843
9.899091405549843
9.899091405549843
9.899091405549843
9.899091405549843
9.899091405549843
9.899091405549843
9.899091405549843
10.316024593576268
10.316024593576268
10.440250975354271
10.440250975354271
10.65149083055562
10.440250975354271
10.440250975354271
10.440250975354271
10.440250975354271
10.440250975354271
10.440250975354271
10.440250975354271
10.991724499889525
10.991724499889525
11.187573115880824
11.302116561242704
11.302116561242704
11.302116561242704
11.302116561242704
11.302116561242704
11.302116561242704
10.440250975354271
10.440250975354271
10.440250975354271
10.440250975354271
10.440250975354271
10.440250975354271
10.395208071703411
10.168997884030285
10.168997884030285
10.168997884030285
9.99595208637043
9.99595208637043
10.434121183256522
10.434121183256522
10.532322822558191
10.434121183256522
10.434121183256522
10.434121183256522
9.550128886548187
9.632373509222402
9.632373509222402
9.632373509222402
9.632373509222402
8.239247386153917
8.239247386153917
8.347463629628589
8.239247386153917
8.239247386153917
8.239247386153917
8.65768950290497
8.65768950290497
8.65768950290497
8.239247386153917
7.825543462790144
7.849757065806979
7.825543462790144
7.919428489538368
7.985488505783576
8.004981224158723
8.412014016561436
8.412014016561436
8.727864675122781
8.727864675122781
7.919428489538368
7.926680268041897
8.5793686676489
8.005802234598505
8.005802234598505
8.005802234598505
8.005802234598505
7.744811435948712
7.826173232731655
7.860482084865728
7.860482084865728
7.860482084865728
8.378074223512995
8.378074223512995
8.378074223512995
8.378074223512995
8.378074223512995
8.66764347204786
8.66764347204786
8.66764347204786
7.91466191150648
7.91466191150648
8.018343104113775
8.018343104113775
8.018343104113775
8.018343104113775
8.018343104113775
8.150106328947764
8.018343104113775
8.018343104113775
8.08017795235539
8.08017795235539
8.08017795235539
8.08017795235539
8.018343104113775
8.018343104113775
8.018343104113775
8.018343104113775
7.974255515559452
7.974255515559452
8.075556949063337
8.059984030753208
8.059984030753208
8.030142577207943
8.25493416891912
8.25493416891912
8.172246113448631
8.172246113448631
8.000257446329266
8.000257446329266
8.000257446329266
8.16955098806406
8.16955098806406
8.16955098806406
8.16955098806406
8.16955098806406
8.16955098806406
8.16955098806406
7.8657719520500535
7.9767495773997235
7.9767495773997235
7.993143584612688
7.993143584612688
7.993143584612688
8.138668667465133
7.877962000734762
7.877962000734762
7.877962000734762
7.877962000734762
7.877962000734762
7.8399474026111955
7.821294411102589
7.7470746235548695
7.7470746235548695
7.703977770381602
7.68453685851404
7.6884799182881105
7.6884799182881105
7.6822530084032925
7.815146873375216
7.815146873375216
7.815146873375216
7.6822530084032925
7.817446775478391
7.7190954696579395
7.7190954696579395
7.692660341762781
7.692660341762781
7.842395972531306
7.740305719701697
7.692660341762781
7.802049319102533
7.802049319102533
7.805172422728248
7.805172422728248
8.038648969786951
8.038648969786951
8.038648969786951
8.038648969786951
8.038648969786951
7.805172422728248
8.101029268028158
8.101029268028158
8.101029268028158
8.042788249151418
8.042788249151418
7.974692454037131
8.043096640518504
7.974692454037131
7.974692454037131
7.974692454037131
8.214294676319467
8.214294676319467
8.214294676319467
8.214294676319467
8.636653219695994
8.636653219695994
8.924025769301275
8.636653219695994
8.636653219695994
8.636653219695994
8.239681768440036
8.239681768440036
8.239681768440036
8.239681768440036
8.239681768440036
8.239681768440036
8.239681768440036
8.239681768440036
8.239681768440036
8.239681768440036
8.239681768440036
8.239681768440036
8.239681768440036
8.130368568957415
8.130368568957415
8.130368568957415
8.19657888183641
8.289572825370472
8.289572825370472
8.289572825370472
8.354536179427722
8.558992958828895
8.558992958828895
8.558992958828895
8.558992958828895
8.462615442467776
8.473727616743705
8.473727616743705
8.473727616743705
8.473727616743705
8.473727616743705
8.473727616743705
8.539126088630516
8.539126088630516
8.83966313063724
8.83966313063724
8.473727616743705
8.473727616743705
8.473727616743705
8.505254709669865
8.505254709669865
8.505254709669865
8.505254709669865
8.675546244885926
8.949963867992977
8.719233267381574
8.719233267381574
8.823501165651546
8.823501165651546
8.823501165651546
8.823501165651546
8.823501165651546
8.823501165651546
8.823501165651546
8.897180540296581
8.897180540296581
8.897180540296581
8.897180540296581
8.897180540296581
8.897180540296581
8.897180540296581
9.118930837591765
9.064607620758924
8.823501165651546
8.823501165651546
8.823501165651546
8.85251469176489
8.823501165651546
8.793159496570146
9.115970772257514
9.115970772257514
9.115970772257514
9.115970772257514
9.115970772257514
9.115970772257514
9.115970772257514
9.115970772257514
9.115970772257514
9.241525469305335
9.115970772257514
9.115970772257514
9.115970772257514
9.115970772257514
9.185937327679014
9.185937327679014
9.146952612659135
9.146952612659135
9.214266661060487
9.146952612659135
9.146952612659135
9.146952612659135
9.216958641910724
9.1633175308247
9.146952612659135
9.174299378363981
9.146952612659135
9.146952612659135
9.146952612659135
9.084376350490583
9.084376350490583
9.084376350490583
9.148026014516626
9.148026014516626
9.263682431531151
9.205656661607629
9.205656661607629
9.175365248010651
9.27694083252328
9.203753072048888
9.203753072048888
9.30359927771439
9.30359927771439
9.22174464571076
9.269068404047358
9.17742550731695
9.297164241339242
9.297164241339242
9.297164241339242
9.273821867749145
9.273821867749145
9.273821867749145
9.273821867749145
9.27693484560764
9.27693484560764
9.27693484560764
9.27693484560764
9.292668467548207
9.222249782228673
9.21866838214223
9.134164105049784
9.134164105049784
9.257690417703907
9.257690417703907
9.257690417703907
9.257690417703907
9.257690417703907
9.135747814383286
9.135747814383286
9.135747814383286
9.136455348479164
9.16146683841457
9.16146683841457
9.262074310745614
9.276451591855809
9.262074310745614
9.262074310745614
9.323352362534877
9.323352362534877
9.323352362534877
9.323352362534877
9.262074310745614
9.262074310745614
9.312178958099535
9.262074310745614
9.23184375699269
9.125460526416882
9.125460526416882
9.125460526416882
9.125460526416882
9.29537836665764
9.29537836665764
9.29537836665764
9.198130678399004
9.178997147672064
9.218249928068097
9.218249928068097
9.218249928068097
8.86960771781711
9.297404807076251
8.86960771781711
9.017351267326674
9.283820917992717
9.283820917992717
9.017351267326674
8.86960771781711
8.920832868897469
8.981823315607148
9.24775876604241
9.24775876604241
9.266916884551168
9.266916884551168
9.290212992657343
9.266916884551168
9.266916884551168
9.266916884551168
9.304304738760143
9.304304738760143
9.319180902400472
9.320080925684643
9.303264757999907
9.303264757999907
9.266916884551168
9.23841869648923
9.23841869648923
9.23841869648923
9.23841869648923
9.295941886527295
9.315530263426263
9.30883979969228
9.295941886527295
9.316993078279587
9.23841869648923
9.23841869648923
9.23841869648923
9.23841869648923
9.23841869648923
9.27565741732361
9.27565741732361
9.27565741732361
9.27565741732361
9.27565741732361
9.306775055462504
9.306775055462504
9.306775055462504
9.323884316998251
9.27565741732361
9.297134237624162
9.27565741732361
9.316410646951642
9.30244644861985
9.27565741732361
9.27565741732361
9.29243829088447
9.27565741732361
9.27565741732361
9.189593697557155
9.13892665315795
9.09921484041848
9.158047872120472
9.091211679502578
9.120500684790077
9.120500684790077
9.120500684790077
8.866467581124486
8.879418914629309
9.001100907989278
9.10724020334925
8.923344769937255
8.923344769937255
8.923344769937255
8.923344769937255
8.942468214577723
8.965961072428636
8.965961072428636
8.965961072428636
8.869733051324745
8.869733051324745
9.161864832446563
8.920534858483512
8.920534858483512
8.920534858483512
8.920534858483512
9.144129130366291
8.920534858483512
8.920534858483512
8.957740116249546
8.927392964337434
8.927392964337434
8.927392964337434
8.927392964337434
8.927392964337434
8.862652607376756
8.854159860561651
8.810150285161525
8.91173522022493
9.198512108849531
9.198512108849531
9.198512108849531
9.007764294408243
9.007764294408243
8.98320797832557
9.002076078569145
9.002076078569145
9.023202350675142
9.023202350675142
9.023202350675142
9.085772083896666
9.023202350675142
9.163352771290981
9.290166360680196
9.263614819681965
9.263614819681965
9.291481439755557
9.263614819681965
9.304329023636242
9.304329023636242
9.318214591714082
9.318214591714082
9.184052047497199
9.2344287557139
9.2344287557139
9.2344287557139
9.184052047497199
9.184052047497199
9.184052047497199
9.184052047497199
9.184052047497199
9.296191103999703
9.251862740526324
9.265156796191054
9.265156796191054
9.265156796191054
9.265156796191054
9.265156796191054
9.265156796191054
9.21768989706805
9.21768989706805
9.291743982838941
9.306869241726936
9.306869241726936
9.306869241726936
9.306869241726936
9.306869241726936
9.314923472061166
9.306869241726936
9.306869241726936
9.306869241726936
9.306869241726936
9.322054563345196
9.322054563345196
9.32400886451006
9.32400886451006
9.322054563345196
9.322054563345196
9.325129448691916
9.322054563345196
9.322054563345196
9.322555983156679
9.325055412531974
9.322054563345196
9.322054563345196
9.322054563345196
9.32290727710345
9.32443319252191
9.32290727710345
9.32290727710345
9.322054563345196
9.322054563345196
9.322054563345196
9.322054563345196
9.322054563345196
9.271868802247841
9.271868802247841
9.271868802247841
9.098779579812998
9.098779579812998
9.098779579812998
9.098779579812998
9.098779579812998
8.92716452665869
8.92716452665869
8.92716452665869
8.9815506787796
8.9815506787796
8.9815506787796
8.9815506787796
8.9815506787796
8.9815506787796
8.9815506787796
8.9815506787796
9.17032148761038
8.9815506787796
8.9815506787796
8.9815506787796
8.9815506787796
8.9815506787796
9.140244116289649
9.140244116289649
8.9815506787796
8.9815506787796
9.037417519730155
9.037417519730155
9.037417519730155
9.037417519730155
9.065178104692407
9.223149950846535
9.223149950846535
9.223149950846535
9.223149950846535
9.223149950846535
9.3068330947172
9.3068330947172
9.223149950846535
9.196284097662604
9.196284097662604
9.197169000152204
9.318920626449273
9.318920626449273
9.324601559861915
9.324601559861915
9.324601559861915
9.324601559861915
9.318920626449273
9.318920626449273
9.318920626449273
9.318920626449273
9.318920626449273
9.318920626449273
9.318920626449273
9.318920626449273
9.323912146303666
9.321261066277385
9.321261066277385
9.321261066277385
9.321261066277385
9.325019392322982
9.325019392322982
9.323679523854219
9.323679523854219
9.323679523854219
9.323679523854219
9.325146856024384
9.322087764112743
9.32124524837517
9.32124524837517
9.32124524837517
9.324675013152836
9.325006050569819
9.325006050569819
9.324675013152836
9.324675013152836
9.320820048332513
9.324460846242363
9.324460846242363
9.324460846242363
9.323557222368411
9.324255911812624
9.324255911812624
9.324255911812624
9.324255911812624
9.324255911812624
9.324255911812624
9.324255911812624
9.324255911812624
9.324255911812624
9.324255911812624
9.324255911812624
9.324255911812624
9.324255911812624
9.324255911812624
9.324255911812624
9.324746769854446
9.324746769854446
9.324746769854446
9.324746769854446
9.324746769854446
9.324746769854446
9.324746769854446
9.324986630941467
9.324986630941467
9.324986630941467
9.324986630941467
9.324986630941467
9.324986630941467
9.324986630941467
9.324746769854446
9.324746769854446
9.324746769854446
9.324746769854446
9.325150214550987
9.325150214550987
9.325150214550987
9.325150214550987
9.325150214550987
9.325150214550987
9.325150214550987
9.324746769854446
9.324746769854446
9.324746769854446
9.322644848305766
9.322644848305766
9.322644848305766
9.324857003449546
9.325143659750262
9.322644848305766
9.322644848305766
9.322644848305766
9.322644848305766
9.322644848305766
9.322644848305766
9.266659787404562
9.266659787404562
9.322902243187237
9.322902243187237
9.272061698932122
9.313819150944399
9.270178267790289
9.308758477027125
9.306066941661982
9.262858379975647
9.262858379975647
9.262858379975647
9.262858379975647
9.262858379975647
9.307237553479343
9.262858379975647
9.323759649009368
9.262858379975647
9.262858379975647
9.262858379975647
9.324163225562547
9.324546061235187
9.324546061235187
9.324546061235187
9.324546061235187
9.305593462851862
9.305593462851862
9.305593462851862
9.291743940325656
9.300396835367842
9.300396835367842
9.300396835367842
9.300396835367842
9.300396835367842
9.259411730889191
9.259411730889191
9.323403946100566
9.323403946100566
9.323403946100566
9.323403946100566
9.323403946100566
9.323403946100566
9.323403946100566
9.323403946100566
9.323403946100566
9.323403946100566
9.323921944942239
9.325017502911603
9.323921944942239
9.271859247242299
9.324981931884633
9.324981931884633
9.324981931884633
9.324981931884633
9.324981931884633
9.324981931884633
9.324981931884633
9.324268373852087
9.324268373852087
9.317944884953256
9.317944884953256
9.317944884953256
9.324756184886057
9.324756184886057
9.320182461576993
9.320182461576993
9.314084084841864
9.314084084841864
9.314084084841864
9.323680128302026
9.314627325883597
9.324759083261743
9.324759083261743
9.324759083261743
9.324759083261743
9.324759083261743
9.324759083261743
9.324759083261743
9.324094592271898
9.323866038044367
9.317538422539702
9.317538422539702
9.314084084841864
9.314084084841864
9.314084084841864
9.307165804828665
9.307165804828665
8.806593612478654
8.806593612478654
8.806593612478654
8.806593612478654
8.806593612478654
8.806593612478654
9.08792583500621
8.806593612478654
8.45971596193471
8.399741544169679
8.249501982423622
8.249501982423622
8.249501982423622
8.249501982423622
8.522762143786663
8.522762143786663
8.249501982423622
8.249501982423622
8.53647467512344
8.53647467512344
8.53647467512344
8.53647467512344
8.53647467512344
8.53647467512344
8.53647467512344
8.623580796479962
8.623580796479962
8.462506867997634
8.316226308094382
8.237778499578095
8.237778499578095
8.237778499578095
8.415089653978391
8.415089653978391
8.237778499578095
8.687000151253631
8.687000151253631
8.965770468383104
8.965770468383104
8.965770468383104
8.965770468383104
8.965770468383104
8.965770468383104
9.178181048932828
9.178181048932828
9.205392123309936
9.178181048932828
8.964573774854875
8.7887189459856
9.054609368216802
8.952162235380895
9.170714229152946
8.952162235380895
8.687000151253631
8.687000151253631
8.687000151253631
8.687000151253631
8.687000151253631
8.687000151253631
8.687000151253631
8.48803128067332
8.48803128067332
8.48803128067332
8.48803128067332
8.67525379814271
8.48803128067332
8.48803128067332
8.48803128067332
8.543143103109575
8.013797791158593
8.106182526651112
7.9963590763797905
8.019221776799835
8.019221776799835
8.019221776799835
8.019221776799835
8.258728567018782
8.019221776799835
8.019221776799835
8.165318956158725
8.196720441494584
8.196720441494584
8.196720441494584
7.9963590763797905
7.9963590763797905
7.993853122996396
7.993853122996396
8.125611959707213
8.125611959707213
8.125611959707213
8.125611959707213
8.125611959707213
8.125611959707213
8.125611959707213
8.315260982811743
8.315260982811743
8.223972507296127
8.223972507296127
9.010314254926898
8.125611959707213
8.268501468174119
8.268501468174119
8.268501468174119
7.83697458243693
8.001762964946042
7.9632895586902475
8.067346278664939
8.508370224304398
8.508370224304398
8.508370224304398
8.508370224304398
8.508370224304398
8.508370224304398
8.508370224304398
8.508370224304398
8.562027498660955
8.562027498660955
8.68449111985752
8.68449111985752
8.508370224304398
8.508370224304398
8.34732187355183
8.34732187355183
8.530221302145316
8.609619928922674
8.609619928922674
8.609619928922674
8.80222998595118
8.80222998595118
8.80222998595118
8.80222998595118
8.80222998595118
8.609619928922674
8.609619928922674
8.607150340884173
8.585105699430148
8.585105699430148
8.530221302145316
8.530221302145316
8.530221302145316
8.530221302145316
8.530221302145316
8.530221302145316
8.530221302145316
7.992365837950356
7.997151178626153
7.997151178626153
7.997151178626153
7.877168630284974
7.877168630284974
7.877168630284974
8.004410345924574
8.032462167179643
8.032462167179643
8.19916775780542
7.947068584725094
8.083333245256885
8.031518852586142
8.031518852586142
8.629863262527348
8.629863262527348
8.629863262527348
8.629863262527348
8.629863262527348
8.629863262527348
8.629863262527348
8.490377926303736
8.490377926303736
8.013077621977612
8.052078952068689
8.230196276639692
8.3861813036816
8.3861813036816
8.519969585919837
8.615622777463681
8.929980129624969
8.929980129624969
8.929980129624969
8.929980129624969
8.929980129624969
9.083435743809135
8.3861813036816
8.3861813036816
8.3861813036816
8.3861813036816
8.3861813036816
8.732321172696043
8.732321172696043
8.732321172696043
8.008371473994657
8.109647896316428
8.109647896316428
8.109647896316428
8.109647896316428
8.109647896316428
8.109647896316428
8.109647896316428
8.109647896316428
8.109647896316428
8.169690422989582
8.169690422989582
8.169690422989582
8.169690422989582
8.169690422989582
8.169690422989582
8.169690422989582
8.498438439071847
8.498438439071847
8.498438439071847
8.688497085305881
8.415878048940998
8.415878048940998
8.455635536025493
8.571031640762278
8.571031640762278
8.415878048940998
8.415878048940998
8.415878048940998
8.415878048940998
8.415878048940998
8.415878048940998
8.415878048940998
8.415878048940998
8.415878048940998
8.415878048940998
8.415878048940998
8.496709758775262
8.415878048940998
8.415878048940998
8.659244840835832
8.659244840835832
8.873588890006449
8.873588890006449
9.11489610725988
9.11489610725988
9.11489610725988
9.257918470102322
9.257918470102322
9.230433887440821
9.230433887440821
9.230433887440821
9.230433887440821
9.239159514242218
9.212249063060328
9.212249063060328
9.212249063060328
9.30229111187495
9.312136863501806
9.301484163342677
9.25954761607026
9.134508771133945
9.251043066940442
9.134508771133945
9.134508771133945
9.134508771133945
9.263384260035021
9.189039850615487
9.189039850615487
9.189039850615487
9.189039850615487
9.189039850615487
9.189039850615487
9.286376950054343
9.31003005456192
9.31003005456192
9.31003005456192
9.31003005456192
9.310813084139568
9.318706221307277
9.31003005456192
9.31003005456192
9.31003005456192
9.31003005456192
9.320910360633128
9.31003005456192
9.307038666726505
9.131137369406554
9.131137369406554
8.715078667414689
8.50242075511879
8.306169993568032
8.306169993568032
8.306169993568032
8.955473910548159
8.955473910548159
8.955473910548159
8.955473910548159
8.955473910548159
9.112125996849262
9.146954687617516
9.146954687617516
9.146954687617516
9.146954687617516
9.146954687617516
9.298995534681895
9.298995534681895
9.298995534681895
9.298995534681895
9.309177973055428
9.309177973055428
9.309177973055428
9.298995534681895
9.298995534681895
9.298995534681895
9.322931787571612
9.322931787571612
9.322931787571612
9.322931787571612
9.322931787571612
9.322931787571612
9.322931787571612
9.28801354770802
9.253127980184987
9.253127980184987
9.024686234532593
9.024686234532593
9.13715882183356
8.94152345094778
8.94152345094778
8.94152345094778
8.884519838848421
8.884519838848421
8.884519838848421
8.884519838848421
8.109951801159035
8.008849772535543
7.93259617779473
7.93259617779473
8.070311305624092
8.070311305624092
8.070311305624092
7.93259617779473
7.93259617779473
8.113606174884325
7.972241377681674
8.033697748690617
7.972241377681674
7.972241377681674
7.972241377681674
7.972241377681674
7.972241377681674
7.916594539332042
7.88761996928666
7.811423109780093
7.811423109780093
7.811423109780093
8.25783500781046
7.998723861454501
7.928920756838606
7.935118206881291
7.928920756838606
8.01887007117956
8.01887007117956
8.01887007117956
8.01887007117956
8.01887007117956
8.01887007117956
7.92911431861791
7.92911431861791
8.18239641134599
7.823222840396467
7.823222840396467
8.079610647144264
8.079610647144264
8.079610647144264
7.949508258865975
7.949508258865975
8.096896095109194
8.096896095109194
8.096896095109194
8.191863605873316
7.823222840396467
7.823222840396467
7.890775145715281
8.127192657435165
7.890775145715281
8.294057019711975
7.890775145715281
7.845099012778048
7.892590489944285
7.892590489944285
7.892590489944285
7.97422074650347
8.113950931520002
8.113950931520002
8.113950931520002
8.207545621604588
8.141166325436918
7.893711648862336
7.874720850475035
7.874720850475035
7.874720850475035
7.874720850475035
7.973975018325686
8.013741630126916
8.013741630126916
7.8392928709458625
8.059217692104493
8.059217692104493
8.183996502659992
8.183996502659992
8.180076972616725
8.180076972616725
7.913526878876954
7.821384362175442
7.821384362175442
7.821384362175442
8.071775361566722
8.167791471162273
8.14155563660973
8.14155563660973
7.791193342231768
7.791193342231768
7.797022465928758
7.797022465928758
7.797022465928758
7.797022465928758
7.797022465928758
7.797022465928758
7.797022465928758
7.877606822786381
7.797022465928758
7.909825100449265
7.909825100449265
7.909825100449265
7.7954428975143655
7.923775418413877
7.923775418413877
7.923775418413877
7.923775418413877
7.923775418413877
7.923775418413877
7.923775418413877
7.923775418413877
7.851138233906196
7.782619471800404
7.843968916599829
7.858835348112328
8.045746308633666
8.051269033506756
8.051269033506756
8.124476986536191
8.060683218623494
8.060683218623494
8.060683218623494
8.060683218623494
8.082834270590048
8.082834270590048
8.09478687262667
8.09478687262667
8.09478687262667
8.09478687262667
7.922816713713297
7.922816713713297
7.922816713713297
8.007368777305746
7.922816713713297
7.939658640202399
7.939658640202399
7.939658640202399
7.939658640202399
8.198324144937116
8.198324144937116
8.436744416424101
8.198324144937116
7.939658640202399
7.939658640202399
8.480581141197638
8.480581141197638
8.26545039973281
8.383543781007194
8.443871872294071
8.443871872294071
8.145008556030868
8.145008556030868
8.145008556030868
8.145008556030868
8.145008556030868
8.28575973924646
8.28575973924646
8.28575973924646
8.28575973924646
8.28575973924646
8.28575973924646
8.28575973924646
8.371564620602006
8.28575973924646
8.28575973924646
8.145008556030868
8.240331406683445
8.247092845365733
8.247092845365733
8.247092845365733
8.247092845365733
8.145008556030868
8.145008556030868
8.17345430184853
8.17345430184853
8.17345430184853
8.17345430184853
8.17345430184853
8.17345430184853
8.17345430184853
8.357388350690586
8.357388350690586
8.40078337515476
8.655626657648499
8.655626657648499
8.982199710158323
8.420737968801623
8.420737968801623
8.48449646244975
8.645745546497167
8.645745546497167
8.645745546497167
8.645745546497167
8.645745546497167
8.645745546497167
8.645745546497167
8.50044538440734
8.405634154679152
8.405634154679152
8.405634154679152
8.613227496273913
8.613227496273913
8.405634154679152
8.405634154679152
8.405634154679152
8.439668970740389
8.346688990044832
8.346688990044832
8.714391058901654
8.714391058901654
8.391136700611266
8.398849102928727
8.398849102928727
8.398849102928727
8.431317789777752
8.431317789777752
8.431317789777752
8.672174649270053
8.672174649270053
8.672174649270053
8.76536583041597
8.431317789777752
8.589050154363253
8.589050154363253
8.541260755754234
8.431317789777752
8.391136700611266
8.391136700611266
8.391136700611266
8.391136700611266
8.391136700611266
8.64039644356813
8.64039644356813
8.391136700611266
8.495470958235241
8.799793845850427
8.823545907805308
8.799793845850427
8.799793845850427
8.799793845850427
8.799793845850427
8.799793845850427
8.799793845850427
8.799793845850427
8.78900446573896
8.679506112191175
8.82840056443005
8.82840056443005
8.679506112191175
9.030007399819123
8.978745697350075
8.978745697350075
8.978745697350075
8.679506112191175
8.796501044258438
8.796501044258438
8.936254586994844
8.936254586994844
8.936254586994844
8.796501044258438
8.712035963662467
8.712035963662467
8.712035963662467
8.712035963662467
8.733473667040322
8.733473667040322
8.858207734337064
9.056412070859892
9.056412070859892
9.056412070859892
8.712035963662467
8.854249883858012
8.854249883858012
8.854249883858012
8.854249883858012
9.074414488646843
9.074414488646843
9.074414488646843
9.074414488646843
9.074414488646843
9.074414488646843
9.074414488646843
9.074414488646843
9.074414488646843
9.074414488646843
9.303020553575541
9.303020553575541
9.303020553575541
9.303020553575541
9.303020553575541
9.303020553575541
9.074414488646843
9.103842481825072
9.074414488646843
9.074414488646843
9.074414488646843
9.074414488646843
8.99583645999765
9.268599397496155
9.268599397496155
9.268599397496155
9.268599397496155
9.268599397496155
8.975861763356402
8.975861763356402
9.084705246205798
9.084705246205798
9.084705246205798
9.084705246205798
9.084705246205798
9.084705246205798
9.084705246205798
9.084705246205798
9.084705246205798
9.084705246205798
9.084705246205798
9.084705246205798
9.279718564087277
9.279718564087277
9.279718564087277
9.279718564087277
9.279718564087277
9.279718564087277
9.279718564087277
9.279718564087277
9.279718564087277
9.303884441442634
9.279718564087277
9.279718564087277
9.279718564087277
9.279718564087277
9.279718564087277
9.279718564087277
9.32376019264605
9.279718564087277
9.279718564087277
9.279718564087277
9.32460917978804
9.325065522390174
9.325065522390174
9.315125035839014
9.31742766016357
9.318396819449523
9.279718564087277
9.324743849570773
9.324743849570773
9.324743849570773
9.324743849570773
9.324956428711259
9.324956428711259
9.324956428711259
9.324956428711259
9.324956428711259
9.324956428711259
9.319852069040746
9.324971925765942
9.324971925765942
9.324971925765942
9.32488781086148
9.319852069040746
9.319852069040746
9.319852069040746
9.310586742651479
9.310586742651479
9.322342857235626
9.310586742651479
9.324073712894586
9.324073712894586
9.310586742651479
9.310586742651479
9.310586742651479
9.310586742651479
9.325052356210865
9.325052356210865
9.325052356210865
9.325052356210865
9.325052356210865
9.325052356210865
9.325052356210865
9.269184506670788
9.269184506670788
9.269184506670788
9.269184506670788
9.269184506670788
9.22179869437988
9.22179869437988
9.065977754007843
9.10885071433672
9.10885071433672
8.460520710229908
8.393541053839874
8.6294227073892
8.393541053839874
8.393541053839874
8.393541053839874
8.393541053839874
8.65038296663291
8.393541053839874
8.412817236978652
8.393541053839874
8.489105615324917
8.440237277290523
8.548483895652604
8.829193607105298
8.829193607105298
8.829193607105298
8.93414946653493
8.93414946653493
8.997502786786916
8.997502786786916
9.136943559571835
9.136943559571835
9.136943559571835
9.136943559571835
8.93414946653493
8.93414946653493
8.93414946653493
8.93414946653493
8.93414946653493
8.93414946653493
8.93414946653493
8.93414946653493
8.93414946653493
9.101359096711686
8.93414946653493
8.93414946653493
8.948742284929804
8.948742284929804
8.948742284929804
8.948742284929804
8.948742284929804
8.95823961519126
9.029693765132489
8.948742284929804
8.948742284929804
9.167361351773307
9.167361351773307
9.167361351773307
9.210232407888434
9.167361351773307
9.203772462440643
9.203772462440643
9.244960712563566
9.244960712563566
9.244960712563566
9.283088208018118
9.283088208018118
9.283088208018118
9.283088208018118
9.283088208018118
8.86815231294109
8.699234497558441
8.699234497558441
8.699234497558441
8.699234497558441
8.715542501799224
8.715542501799224
8.436066703725775
8.555500410238924
8.436066703725775
8.357949184116968
8.357949184116968
8.38602883605106
8.357949184116968
8.775527648526941
8.775527648526941
8.775527648526941
8.775527648526941
8.939588156880525
8.939588156880525
8.782263716913851
8.577946535338512
8.577946535338512
8.852503305673565
8.577946535338512
8.577946535338512
8.577946535338512
8.578340798930949
8.578340798930949
8.87956692833287
8.87956692833287
8.651118964113554
8.651118964113554
8.577946535338512
8.577946535338512
8.304500888112717
8.304500888112717
8.304500888112717
8.437680261731733
8.804139036942574
8.60775050135178
8.456267058006576
8.456267058006576
8.456267058006576
8.456267058006576
8.456267058006576
8.456267058006576
8.437680261731733
8.437680261731733
8.636758640795119
8.636758640795119
8.802290216097632
8.636758640795119
8.636758640795119
9.130376075833276
9.130376075833276
9.130376075833276
9.03600794974136
8.978090054290053
8.978090054290053
8.978090054290053
8.978090054290053
8.978090054290053
8.70663082104818
8.70663082104818
8.921370786591357
8.921370786591357
8.921370786591357
8.921370786591357
9.162411180640762
9.162411180640762
9.162411180640762
9.162411180640762
9.234282143184567
9.162411180640762
9.162411180640762
9.162411180640762
9.162411180640762
9.162411180640762
9.230785942674167
9.230785942674167
9.162411180640762
9.162411180640762
9.162411180640762
9.162411180640762
9.162411180640762
8.866552901871724
8.861592556795653
8.771667275125248
8.811994271234697
8.949417340148974
8.824801898036794
8.824801898036794
9.040515359566003
9.040515359566003
8.7752107086437
8.7752107086437
8.80710698275651
8.80710698275651
8.860918829316173
8.860918829316173
8.860918829316173
8.860918829316173
8.860918829316173
8.860918829316173
9.047026752393517
8.964456202513563
8.964456202513563
8.964456202513563
8.964456202513563
8.964456202513563
8.964456202513563
8.964456202513563
8.964456202513563
8.964456202513563
8.964456202513563
8.964456202513563
8.964456202513563
8.964456202513563
8.964456202513563
8.964456202513563
9.032937159162335
9.05091993612047
9.1244326956689
9.1244326956689
9.061380570293899
9.129851534448743
9.129851534448743
9.129851534448743
9.129851534448743
9.129851534448743
9.028078944294554
9.028078944294554
9.295145665231836
8.941900475794334
8.941900475794334
8.941900475794334
8.941900475794334
9.131072051431145
9.131072051431145
9.131072051431145
9.131072051431145
9.131072051431145
9.131072051431145
9.131072051431145
9.131072051431145
9.264116448818294
9.264116448818294
9.27106225722017
9.301834289077494
9.301834289077494
9.131072051431145
9.131072051431145
9.291529051861877
9.319711150631866
9.17871343876387
9.17871343876387
9.29253938950099
9.242742923229907
9.242742923229907
9.294733977477758
9.253401226394208
9.253401226394208
9.306771477726198
9.306771477726198
9.306771477726198
9.306771477726198
9.306771477726198
9.306771477726198
9.188760732993899
9.188760732993899
9.188760732993899
9.188760732993899
9.188760732993899
9.188760732993899
9.317545207847521
9.188760732993899
9.188760732993899
9.313134307752485
9.325150139149429
9.263097171002777
9.302158457449403
9.302158457449403
9.302158457449403
9.302158457449403
9.320569446046107
9.320569446046107
9.320569446046107
9.324011156732977
9.324011156732977
9.324011156732977
9.325095641236055
9.317571443398403
9.317571443398403
9.317571443398403
9.199777855760153
9.310259909052274
9.276444259671699
9.222483475603024
9.222483475603024
9.197728664178573
9.197728664178573
9.238922807931779
9.238922807931779
9.303492562971138
9.303492562971138
9.303492562971138
9.303492562971138
9.303492562971138
9.3226047634107
9.289886103535345
9.1862176263428
9.1862176263428
9.1862176263428
9.247809081211617
9.247809081211617
9.313867306382555
9.313867306382555
9.313867306382555
9.313867306382555
9.313867306382555
9.313867306382555
9.321603512970452
9.321645719629709
9.281103649859801
9.281103649859801
9.281103649859801
9.259934598197088
9.259934598197088
9.259934598197088
9.247809081211617
9.247809081211617
9.247809081211617
9.247809081211617
8.653940633814729
8.623713339087441
8.772229850848257
8.772229850848257
8.772229850848257
8.772229850848257
8.792068794876062
8.77272377920367
8.812708280675418
9.15029796679011
8.786858849216273
8.786858849216273
8.70740201970753
8.879889506269548
8.770375767184614
9.03854817365579
8.89597026546723
8.89597026546723
9.164401093778473
9.164401093778473
8.897055342141154
8.897055342141154
8.897055342141154
8.897055342141154
9.020689485056513
8.81678386786301
8.976147601245307
8.81678386786301
8.81678386786301
8.623713339087441
8.623713339087441
8.623713339087441
9.031420769088427
8.623713339087441
8.623713339087441
8.715412199713166
8.715412199713166
8.715412199713166
8.715412199713166
8.69064187907125
8.69064187907125
8.69064187907125
8.69064187907125
8.946652187858085
8.69064187907125
8.69064187907125
8.69064187907125
8.575877254252529
8.653479999708896
8.776740095126716
8.776740095126716
8.776740095126716
8.778320637848505
8.653479999708896
8.891739357736869
8.653479999708896
8.653479999708896
8.653479999708896
8.653479999708896
8.653479999708896
8.852802100372202
8.653479999708896
8.653479999708896
8.694109970787713
8.653479999708896
8.653479999708896
8.653479999708896
8.653479999708896
8.257455640983437
8.257455640983437
8.257455640983437
8.257455640983437
8.257455640983437
8.257455640983437
8.257455640983437
8.257455640983437
8.257455640983437
8.257455640983437
8.257455640983437
8.581665415723185
8.15816011957072
8.15816011957072
8.15816011957072
8.022321799958924
8.165778035823564
8.19653805592133
8.165778035823564
8.165778035823564
8.165778035823564
8.593957775391987
8.237560096956502
8.423209285191133
8.148500651265335
8.148500651265335
8.148500651265335
8.148500651265335
8.148500651265335
8.148500651265335
8.148500651265335
8.766853510898162
8.182078825980867
8.182078825980867
7.9529949941519105
8.077811471988717
7.945009224613392
7.945009224613392
7.945009224613392
7.945009224613392
7.959935516506964
8.12328780540341
8.12328780540341
8.12328780540341
8.12328780540341
8.12328780540341
8.12328780540341
8.12328780540341
8.545645016858513
8.12328780540341
8.12328780540341
8.12328780540341
8.432579504578674
8.12328780540341
8.12328780540341
8.59090381112821
8.59090381112821
8.59090381112821
8.657200778593587
8.657200778593587
8.657200778593587
8.657200778593587
8.657200778593587
8.59090381112821
8.59090381112821
8.59090381112821
8.686538661601308
9.090737233592504
8.890496926347197
8.59090381112821
8.59090381112821
8.59090381112821
8.59090381112821
8.59090381112821
8.59090381112821
8.781795224648802
8.125358479215079
8.606704414328266
8.125358479215079
8.125358479215079
8.267709316308103
8.125358479215079
8.499386051773731
8.144140783942369
8.144140783942369
8.21141584554193
8.139053982801059
8.461487686070688
8.461487686070688
8.461487686070688
8.461487686070688
8.717771893917616
8.717771893917616
8.717771893917616
8.814463065769399
9.287480153701319
9.287480153701319
9.287480153701319
10.627435130693822
10.627435130693822
10.627435130693822
10.627435130693822
10.627435130693822
10.627435130693822
10.627435130693822
10.627435130693822
10.627435130693822
10.627435130693822
10.973475269509613
10.973475269509613
10.973475269509613
10.627435130693822
10.627435130693822
10.627435130693822
10.627435130693822
10.627435130693822
10.627435130693822
10.825856237185862
10.825856237185862
10.825856237185862
10.825856237185862
10.825856237185862
10.825856237185862
10.825856237185862
9.015893814987011
9.015893814987011
9.015893814987011
9.026476849364519
9.026476849364519
9.026476849364519
9.026476849364519
9.026476849364519
8.32962092974352
8.532595703130282
8.767271177330487
8.493039026702139
8.493778033941608
8.459894700381492
9.043932517995259
9.043932517995259
9.305818217621528
9.575727809527656
9.575727809527656
9.575727809527656
9.575727809527656
9.043932517995259
9.043932517995259
9.043932517995259
8.390176904071591
8.305795519504935
8.305795519504935
8.455814995296917
8.305795519504935
8.450362344946997
8.812001098016939
8.305795519504935
9.126265815823963
8.418000393428308
8.305795519504935
8.363440978006949
8.305795519504935
8.613234819731392
8.444625862928275
8.326416828997875
8.630167231528498
8.877766772419253
8.877766772419253
8.877766772419253
8.877766772419253
8.877766772419253
8.762468243433181
8.752085838464406
8.752085838464406
8.752085838464406
9.110209860542403
9.110209860542403
8.472129993915866
8.787577068570592
8.787577068570592
8.787577068570592
8.553346469227371
8.553346469227371
8.553346469227371
8.553346469227371
8.762380937827844
8.762380937827844
8.94384941864763
8.821878484569158
8.821878484569158
8.821878484569158
8.821878484569158
9.274652513020143
9.491089197570968
9.274652513020143
9.274652513020143
9.274652513020143
8.953353557716659
8.953353557716659
8.953353557716659
9.290963130498573
9.353879452373913
8.955480668575401
8.964772943132813
8.964772943132813
9.090403873605675
8.955480668575401
9.887890272588711
9.275043280775012
9.275043280775012
9.113330189352121
9.113330189352121
9.113330189352121
9.113330189352121
9.031894159596261
9.031894159596261
9.031894159596261
9.031894159596261
9.031894159596261
9.08140665080945
9.416891546748692
9.699550976995097
9.3039655291625
9.3039655291625
9.21276172023991
9.21276172023991
9.767919479228222
9.031894159596261
9.031894159596261
8.788842772830595
8.763546340442781
8.992364969667662
9.47440451869172
9.868871856452396
9.868871856452396
9.868871856452396
9.868871856452396
9.868871856452396
9.868871856452396
9.868871856452396
9.868871856452396
9.868871856452396
9.868871856452396
10.194882370376424
9.932639067418005
10.420730773050728
10.420730773050728
9.871920462617373
10.317511809498397
10.316521818891706
10.451896593442383
10.251224165676023
10.251224165676023
10.251224165676023
9.868871856452396
9.868871856452396
10.054152930181186
9.868871856452396
9.868871856452396
10.629758850810912
10.629758850810912
10.629758850810912
10.662589418322998
10.662589418322998
10.662589418322998
10.662589418322998
10.662589418322998
10.662589418322998
10.662589418322998
10.662589418322998
10.662589418322998
10.662589418322998
10.662589418322998
10.662589418322998
10.662589418322998
10.662589418322998
11.027288452905113
11.027288452905113
11.027288452905113
10.717677892417747
10.424488771220089
10.504144557601625
10.504144557601625
10.504144557601625
10.775456718139655
10.775456718139655
10.775456718139655
10.775456718139655
11.026905010083876
10.775456718139655
10.775456718139655
10.848614656916679
10.775456718139655
10.775456718139655
11.017405957832281
11.017405957832281
11.31313585964141
11.31313585964141
11.31313585964141
11.31313585964141
11.31313585964141
11.31313585964141
11.31313585964141
11.31313585964141
11.448376581403505
11.31313585964141
11.31313585964141
11.38711718921196
11.31313585964141
11.633181369898603
11.633181369898603
11.484296917891836
11.484296917891836
11.552161146275022
11.552161146275022
11.552161146275022
11.552161146275022
11.552161146275022
11.598420274377442
11.598420274377442
11.598420274377442
11.64069328474448
11.64069328474448
11.64069328474448
11.64069328474448
11.837011297099956
11.837011297099956
11.837011297099956
11.775846937778546
11.775846937778546
11.775846937778546
11.775846937778546
11.691721251570229
11.738722026622982
11.663139255649547
11.663139255649547
11.52651484181391
11.648614678068565
11.648614678068565
11.648614678068565
11.6740738059248
11.6740738059248
11.724657542208886
11.724657542208886
11.506444285731936
11.506444285731936
11.318616074476218
11.318616074476218
11.318616074476218
11.549761643847647
11.318616074476218
11.318616074476218
11.631160190473176
11.418803507959042
11.497510759117182
11.497510759117182
11.472550443135729
11.472550443135729
11.66725077495442
11.66725077495442
11.573720795175628
11.734528629061499
11.693117803386425
11.693117803386425
11.804818528004358
11.804818528004358
11.573720795175628
11.573720795175628
11.707687809411016
11.707687809411016
11.707687809411016
11.707687809411016
11.707687809411016
11.707687809411016
11.707687809411016
11.592102247648196
11.592102247648196
11.592102247648196
11.700404715884066
11.700404715884066
11.736252783938514
11.746790637497167
11.77612261194002
11.776551821900094
11.77612261194002
11.746790637497167
11.746790637497167
11.746790637497167
11.746790637497167
11.746790637497167
11.757928602654772
11.835314622028747
11.835314622028747
11.835314622028747
11.835314622028747
11.833526379770326
11.75880794910484
11.75880794910484
11.765251714290894
11.78858817274543
11.78858817274543
11.770162440317282
11.830146574227012
11.838051761115715
11.838051761115715
11.838051761115715
11.838051761115715
11.838051761115715
11.838051761115715
11.838051761115715
11.790091429386688
11.803992543561874
11.803992543561874
11.803992543561874
11.803992543561874
11.803992543561874
11.803992543561874
11.567240355518422
11.635387483906083
11.635387483906083
11.567240355518422
11.567240355518422
11.567240355518422
11.567240355518422
11.66525029148971
11.66525029148971
11.66525029148971
11.725232362697
11.725232362697
11.725232362697
11.66525029148971
11.66525029148971
11.662135586315932
11.65259081888906
11.116227855928289
11.452466551275329
11.452466551275329
11.347883008006974
11.347883008006974
11.347883008006974
11.200669789385207
11.06275284602258
10.915424777755904
10.915424777755904
10.92212369936078
10.92212369936078
11.365764246585298
10.75514060340852
10.75514060340852
11.43372867700337
11.632200224623494
11.632200224623494
11.632200224623494
11.632200224623494
11.765062053922279
11.765062053922279
11.765062053922279
11.632200224623494
11.632200224623494
11.583838387527681
11.699318568414698
11.699318568414698
11.699318568414698
11.699318568414698
11.837308120831661
11.699318568414698
11.699318568414698
11.699318568414698
11.536469250547253
11.536469250547253
11.536469250547253
11.536469250547253
11.76994844648514
11.76994844648514
11.43372867700337
11.468373749403895
11.468373749403895
11.735205419002998
11.735205419002998
11.43372867700337
11.43372867700337
11.622662347119821
11.622662347119821
11.622662347119821
11.622662347119821
11.43372867700337
11.43372867700337
11.43372867700337
11.43372867700337
11.43372867700337
11.43372867700337
11.43372867700337
11.488379497378064
11.488379497378064
11.667949563908401
11.52581316338922
11.590167831344544
11.52581316338922
11.52581316338922
11.52581316338922
11.681666411692593
11.681666411692593
11.47354432879443
11.383983883342633
11.383983883342633
11.383983883342633
11.389558593507248
11.383983883342633
11.383983883342633
11.383983883342633
11.383983883342633
11.383983883342633
11.789657986740735
11.789657986740735
11.789657986740735
11.251143763047807
11.251143763047807
11.251143763047807
11.251143763047807
11.118528029623217
10.97660360823426
10.97660360823426
10.763969223502555
10.763969223502555
10.763969223502555
10.763969223502555
10.46151748261834
10.46151748261834
10.46151748261834
10.54301138916305
10.54301138916305
10.46151748261834
10.46151748261834
10.437665079933995
10.437665079933995
10.437665079933995
10.437665079933995
10.053223776846894
10.588819288287993
9.876759086274097
10.106439145283264
10.150909924301992
10.150909924301992
10.102900677510563
10.79288956123681
10.79288956123681
10.79288956123681
10.672029631413555
9.995625672714741
10.267959930194571
9.995625672714741
9.995625672714741
10.272632834596154
10.272632834596154
10.404070188162201
10.682232760635195
10.725987970066877
10.682232760635195
10.682232760635195
10.416583319952473
10.272632834596154
10.745337193998262
10.910620077742502
10.910620077742502
10.910620077742502
10.953492048260905
10.953492048260905
10.910620077742502
10.175647202135673
10.175647202135673
10.241657674671057
10.327000091312955
10.327000091312955
10.327000091312955
10.701140628170156
10.648845325505787
10.648845325505787
10.525034444790997
10.525034444790997
10.670126524227436
10.923426732490588
10.923426732490588
11.224290758134643
11.224290758134643
10.99888757501799
10.99888757501799
10.99888757501799
10.99888757501799
11.52554396433691
11.52554396433691
10.99888757501799
10.99888757501799
11.52146866872614
11.52146866872614
11.52146866872614
11.52146866872614
11.52146866872614
11.517575168153208
11.517575168153208
11.517575168153208
11.517575168153208
11.517575168153208
11.633291207026524
11.517575168153208
11.517575168153208
11.62770741464655
11.62770741464655
11.62770741464655
11.62770741464655
11.62196829204844
11.62196829204844
11.70284929506561
11.70284929506561
11.83808078046897
11.83808078046897
11.83808078046897
11.83808078046897
11.83808078046897
11.814380549655743
11.763924964004044
11.517408251428183
11.710973543993074
11.517408251428183
11.517408251428183
11.517408251428183
11.517408251428183
11.517408251428183
11.1037332107248
10.943854590827177
10.943854590827177
11.13129993038054
11.13129993038054
11.538170736807162
11.069422149671476
11.069422149671476
11.069422149671476
10.691684628949487
10.691684628949487
10.691684628949487
10.691684628949487
10.919088719262847
10.919088719262847
11.046138096521105
10.919088719262847
10.919088719262847
10.919088719262847
10.814507614823572
11.064022930480576
11.024269785057136
11.024269785057136
11.024269785057136
11.471180127569696
11.471180127569696
11.103055668649915
11.34781496479313
11.34781496479313
11.103055668649915
11.103055668649915
11.103055668649915
11.086011728871679
11.086011728871679
11.106599274328255
11.086011728871679
11.0369649660126
11.668949321644549
11.431466358335099
11.431466358335099
11.205280550569599
11.205280550569599
11.205280550569599
11.205280550569599
11.187895300734557
10.907533908405684
10.907533908405684
10.907533908405684
10.907533908405684
10.736549899218414
10.541924739040937
10.864811993790502
10.713615765592527
10.537168549725399
10.577124070916895
10.537168549725399
10.537168549725399
10.537168549725399
10.537168549725399
10.537168549725399
10.549653863535843
10.604887095921823
10.604887095921823
10.537168549725399
10.923651460996904
10.923651460996904
10.923651460996904
10.923651460996904
10.596674033417003
10.238094760687094
10.238094760687094
10.238094760687094
10.238094760687094
10.34060057161081
11.077725041111323
10.238094760687094
10.40100840578606
10.40100840578606
10.483468878217055
10.45572024843507
10.40100840578606
10.40100840578606
10.40100840578606
10.40100840578606
10.84089111939064
10.353220385402848
10.888386800816104
10.888386800816104
10.772348210436226
10.446860302866673
10.446860302866673
10.446860302866673
10.61965150745259
10.446860302866673
10.923411364765583
10.636185320201568
10.511745808136196
11.065762652535017
11.065762652535017
10.851066724129284
10.851066724129284
10.851066724129284
10.80635517361083
10.80635517361083
10.80635517361083
10.857582003381228
10.446860302866673
10.446860302866673
10.446860302866673
10.508556593390749
10.446860302866673
10.446860302866673
10.446860302866673
10.446860302866673
10.446860302866673
10.740712142332535
10.446860302866673
10.446860302866673
10.154680601819308
10.154680601819308
10.154680601819308
10.154680601819308
10.154680601819308
10.154680601819308
10.154680601819308
10.717015189779877
10.342189777990805
10.154680601819308
9.957881229079659
9.957881229079659
9.957881229079659
9.753059047870256
9.425298224781859
9.425298224781859
9.425298224781859
9.425298224781859
9.425298224781859
9.400267963079592
9.400267963079592
9.565576215986024
9.565576215986024
9.565576215986024
9.454269406117819
9.454269406117819
9.454269406117819
9.862835810718515
9.740836033800488
9.279633954017042
9.492483478397071
9.492483478397071
9.492483478397071
9.492483478397071
9.492483478397071
9.492483478397071
9.402357042549374
9.402357042549374
9.402357042549374
9.687533795338235
9.402357042549374
9.402357042549374
9.606274466590996
9.402357042549374
9.738138808256894
9.738138808256894
9.738138808256894
10.269662631251233
9.738138808256894
9.738138808256894
10.137085371829277
10.137085371829277
10.137085371829277
10.137085371829277
10.137085371829277
10.137085371829277
10.137085371829277
10.137085371829277
10.137085371829277
10.137085371829277
10.137085371829277
10.673647435233429
10.137085371829277
10.814080052133137
10.814080052133137
11.315427421077349
11.315427421077349
11.315427421077349
10.944902090554688
10.814080052133137
10.814080052133137
10.814080052133137
10.814080052133137
11.218513655704934
11.168771928464217
10.675771507301251
10.675771507301251
10.235312540229607
10.154007219005884
10.806850581598832
10.806850581598832
11.146902750737478
10.895819945309361
10.895819945309361
10.895819945309361
10.895819945309361
11.229000955365112
11.229000955365112
11.229000955365112
11.568093747440996
11.586506402307634
11.586506402307634
11.568093747440996
11.568093747440996
11.568093747440996
11.568093747440996
11.568093747440996
11.568093747440996
10.595354566927341
10.74748977398419
10.74748977398419
10.533412332442781
10.533412332442781
10.533412332442781
10.678268537791247
10.678268537791247
10.533412332442781
10.533412332442781
10.533412332442781
11.023019000024025
11.023019000024025
11.023019000024025
11.023019000024025
11.023019000024025
11.023019000024025
10.533412332442781
10.533412332442781
10.533412332442781
10.533412332442781
10.833981565170753
10.533412332442781
10.533412332442781
10.533412332442781
10.533412332442781
10.533412332442781
10.533412332442781
10.533412332442781
10.581001307134128
10.533412332442781
10.691671145755247
10.591115463231594
10.643487375592452
10.591115463231594
10.591115463231594
11.097728717947836
11.72525641358934
11.72525641358934
11.72525641358934
11.338618840221269
11.338618840221269
11.031541462480313
11.031541462480313
11.170130423567745
11.170130423567745
11.170130423567745
11.170130423567745
10.949212087122387
10.949212087122387
10.949212087122387
11.24774306661376
10.927031165227184
10.927031165227184
10.927031165227184
10.927031165227184
10.927031165227184
11.156787598203321
10.927031165227184
10.927031165227184
10.927031165227184
10.927031165227184
11.243090001605946
10.927031165227184
10.533412332442781
10.533412332442781
10.84634041198171
10.706671908343091
10.706671908343091
11.00224354617666
11.00224354617666
11.00224354617666
10.838291104797673
11.228821713054357
11.228821713054357
11.321782633324514
11.321782633324514
11.321782633324514
11.228821713054357
11.392249052627452
11.228821713054357
11.228821713054357
11.228821713054357
11.228821713054357
11.228821713054357
11.065559684396337
11.065559684396337
11.065559684396337
11.065559684396337
11.065559684396337
11.065559684396337
11.1077089158953
11.1077089158953
11.065559684396337
11.065559684396337
11.156596817313215
11.124677569458889
11.540046805090773
11.540046805090773
11.540046805090773
11.556118291511886
11.546039688777844
11.546039688777844
11.546039688777844
11.643250404881481
11.643250404881481
11.643250404881481
11.613447243416804
11.613447243416804
11.745793536575434
11.613447243416804
11.613447243416804
11.613447243416804
11.613447243416804
11.613447243416804
11.608780918868618
11.608780918868618
11.722284740334013
11.763516387912379
11.835674339008134
11.834556636978107
11.834556636978107
11.834556636978107
11.834556636978107
11.834556636978107
11.834556636978107
11.834556636978107
11.834556636978107
11.834556636978107
11.834556636978107
11.834556636978107
11.834556636978107
11.834556636978107
11.825873982696995
11.825873982696995
11.825873982696995
11.825873982696995
11.830966278349601
11.830966278349601
11.683562234892404
11.80858295556547
11.683562234892404
11.683562234892404
11.683562234892404
11.683562234892404
11.683562234892404
11.683562234892404
11.683562234892404
11.739990821890842
11.739990821890842
11.739990821890842
11.683562234892404
11.543053286725728
11.543053286725728
11.543053286725728
11.543053286725728
11.683195990118005
11.768568701504659
11.683195990118005
11.683195990118005
11.543053286725728
11.543053286725728
11.543053286725728
11.543053286725728
11.543053286725728
11.798958960412426
11.798958960412426
11.798958960412426
11.798958960412426
11.798958960412426
11.798958960412426
11.798958960412426
11.798958960412426
11.798958960412426
11.798958960412426
11.798958960412426
11.798958960412426
11.798958960412426
11.798958960412426
11.798958960412426
11.803734838289344
11.803734838289344
11.798958960412426
11.803492825291764
11.803492825291764
11.798958960412426
11.798958960412426
11.798958960412426
11.798958960412426
11.798958960412426
11.798958960412426
11.809911395672856
11.798958960412426
11.798958960412426
11.798958960412426
11.798958960412426
11.837775307559031
11.837775307559031
11.798958960412426
11.820752753727312
11.820752753727312
11.820752753727312
11.820752753727312
11.820752753727312
11.820752753727312
11.836612105309973
11.836612105309973
11.836612105309973
11.836612105309973
11.836612105309973
11.83722217316401
11.836612105309973
11.837741535729963
11.836350502168733
11.67368099449384
11.67368099449384
11.67368099449384
11.67368099449384
11.67368099449384
11.67368099449384
11.802217942329131
11.82066574820147
11.82066574820147
11.802217942329131
11.605761810374162
11.605761810374162
11.558653317663138
11.665634810390404
11.665634810390404
11.665634810390404
11.808024058762024
11.68781034796558
11.829164396519326
11.829164396519326
11.838126491429712
11.838126491429712
11.838126491429712
11.838126491429712
11.838126491429712
11.838126491429712
11.838126491429712
11.838126491429712
11.838126491429712
11.838126491429712
11.838126491429712
11.838126491429712
11.838126491429712
11.838126491429712
11.838126491429712
11.83840098708238
11.838126491429712
11.838126491429712
11.838126491429712
11.838126491429712
11.838416859940248
11.838416859940248
11.817664467827463
11.838423889755173
11.814590344267765
11.814590344267765
11.794847184045572
11.808157437443825
11.808157437443825
11.794847184045572
11.794847184045572
11.838385755760974
11.838385755760974
11.820297926143134
11.817619963403166
11.817197955876416
11.817197955876416
11.832660024720568
11.817197955876416
11.817197955876416
11.817197955876416
11.817197955876416
11.817197955876416
11.83737675177166
11.83737675177166
11.83737675177166
11.83737675177166
11.838314347178285
11.838314347178285
11.83833625758109
11.83833625758109
11.83833625758109
11.83833625758109
11.83833625758109
11.83833625758109
11.83833625758109
11.83833625758109
11.83833625758109
11.83833625758109
11.83833625758109
11.837632627493754
11.837632627493754
11.837632627493754
11.837632627493754
11.837632627493754
11.837632627493754
11.838143031235406
11.838143031235406
11.838143031235406
11.838143031235406
11.837632627493754
11.837632627493754
11.827864163954967
11.83841576986452
11.835710812544722
11.835710812544722
11.835710812544722
11.835710812544722
11.838393303113383
11.838393303113383
11.838393303113383
11.838393303113383
11.838393303113383
11.838393303113383
11.838393303113383
11.838393303113383
11.838393303113383
11.838393303113383
11.838393303113383
11.838393303113383
11.838393303113383
11.838393303113383
11.838393303113383
11.838393303113383
11.838416339620537
11.838393303113383
11.838406514293528
11.838406514293528
11.838393303113383
11.838393303113383
11.838424226475434
11.838424226475434
11.838393303113383
11.838393303113383
11.837004759419218
11.834433288080799
11.834433288080799
11.83573473380834
11.83573473380834
11.835689638423425
11.835689638423425
11.834433288080799
11.836540960416187
11.837873597811233
11.833721410321262
11.833721410321262
11.833721410321262
11.827197458723813
11.822749023411365
11.83372419362353
11.83372419362353
11.83372419362353
11.83372419362353
11.818001399954133
11.821978513721008
11.827193831935789
11.827193831935789
11.838361497075509
11.838361497075509
11.838361497075509
11.827193831935789
11.827193831935789
11.827193831935789
11.838423410568147
11.838423410568147
11.838423410568147
11.838423410568147
11.838423410568147
11.838423410568147
11.838423410568147
11.838423410568147
11.838423410568147
11.838423410568147
11.838423410568147
11.838423410568147
11.838269742376658
11.838269742376658
11.838269742376658
11.838269742376658
11.835454943803864
11.835454943803864
11.835454943803864
11.835454943803864
11.834583052889158
11.834583052889158
11.834583052889158
11.834583052889158
11.834583052889158
11.834583052889158
11.834583052889158
11.834583052889158
11.834583052889158
11.837248216198313
11.837248216198313
11.837248216198313
11.837248216198313
11.837248216198313
11.838369593713121
11.838369593713121
11.838369593713121
11.838369593713121
11.838369593713121
11.838369593713121
11.838369593713121
11.838369593713121
11.838369593713121
11.834583052889158
11.834583052889158
11.837531667664074
11.837531667664074
11.834583052889158
11.834583052889158
11.835320929997843
11.834583052889158
11.834583052889158
11.834583052889158
11.834583052889158
11.834583052889158
11.725286363385946
11.725286363385946
11.69103175134118
11.69103175134118
11.750179258853745
11.750179258853745
11.793765795618295
11.750179258853745
11.81102486908248
11.750179258853745
11.833695976307633
11.833695976307633
11.83622402371859
11.837185216764503
11.833695976307633
11.833695976307633
11.833695976307633
11.833695976307633
11.833695976307633
11.837977286315468
11.837329720457396
11.838422096680047
11.838422096680047
11.838339881503549
11.837974563910667
11.838196978299976

