0.0
0.7141405629381687
7.005259954699801
7.005259954699801
7.005259954699801
9.291526565381897
9.291526565381897
15.601574949341561
15.599236844410834
15.599230867342758
15.599230867342758
15.599266647269584
15.599266647269584
15.599266647269584
15.602457282449159
15.600590647847778
15.602423419558136
15.601590675146369
15.601968388240657
15.601590675146369
15.601590675146369
15.601590675146369
15.601590675146369
15.601590675146369
15.601590675146369
15.601590675146369
15.601590675146369
15.601963623446167
15.602067652530657
15.602037222452857
15.602037222452857
15.6022959261492
15.602336402426971
15.602336402426971
15.602336402426971
15.602355967164481
15.602355967164481
15.602361792588795
15.602361792588795
15.602374124842676
15.602361792588795
15.602364084284108
15.602469493459097
15.602469493459097
15.602481621801445
15.602481621801445
15.602481629720533
15.602481629720533
15.602481536507515
15.602481536507515
15.602481437797309
15.602482177525388
15.602482177525388
15.602482177525388
15.602482177525388
15.602481108683595
15.602481629720533
15.602481629720533
15.602480718326339
15.602480718326339
15.602480718326339
15.602480850501415
15.602480718326339
15.602482292248112
15.602482292248112
15.60248235749571
15.60248236825042
15.60248236825042
15.60248236825042
15.60248236825042
15.60248236825042
15.60248236825042
15.60248235749571
15.60248235749571
15.602482356296704
15.602482373268082
15.602482373268082
15.602482373268082
15.602482373268082
15.602482373268082
15.602482373268082
15.602482373268082
15.602482373268082
15.602482373268082
15.602482373507879
15.602482373507879
15.602482373268082
15.60248236825042
15.602482373268082
15.60248236825042
15.602482256386716
15.602482256386716
15.602482373268082
15.602482373268082
15.60248236825042
15.602482356296704
15.602482356296704
15.602482356296704
15.602482356296704
15.602482356296704
15.602482356296704
15.602482356296704
15.602482356296704
15.602482367531026
15.602482319494554
15.602482319494554
15.602482373507879
15.602482373507879
15.602482373507879
15.60248236825042
15.602482217666024
15.602482256386716
15.60248236825042
15.60248236825042
15.602482373507879
15.602482373507879
15.602482373507879
15.602482373268082
15.602482373507879
15.602482373507879
15.602482373507879
15.602482373507879
15.602482373507879
15.602482373507879
15.602482373507879
15.602482373507879
15.602482373507879
15.602482373507879
15.602482373268082
15.602482292248112
15.602482292248112
15.602482319494554
15.602482339565118
15.602482373507879
15.602482373507879
15.602482373507879
15.602482373507879
15.602482373507879
15.602482373507879
15.602482373507879
15.602482373507879
15.60248235749571
15.60248235749571
15.60248235749571
15.60248236825042
15.602482373507879
15.602482373507879
15.602482373507879
15.602482373507879
15.602482373507879
15.602482373507879
15.602482373507879
15.602482373507879
15.602482373507879
15.602482373507879
15.602482373507879
15.602482373507879
15.602482373507879
15.602482373507879
15.602482373507879
15.602482373507879
15.602482373507879
15.602482373507879
15.602482373507879
15.602482373507879
15.602482341243753
15.602482373268082
15.60248235749571
15.60248235749571
15.602482292248112
15.602482292248112
15.60248236825042
15.602482373268082
15.602482373268082
15.602482292248112
15.602482373507879
15.602482292248112
15.602482292248112
15.60248235749571
15.60248236825042
15.60248236825042
15.60248236825042
15.60248236825042
15.602482373268082
15.602482373268082
15.602482373268082
15.60248236825042
15.602482373268082
15.60248236825042
15.60248236825042
15.60248236825042
15.60248236825042
15.602482373507879
15.602482373507879
15.60248236825042
15.60248235749571
15.602482367531026
15.602482373268082
15.602482373507879
15.602482367531026
15.602482367531026
15.602482367531026
15.602482367531026
15.602482367531026
15.602482367531026
15.602482367531026
15.602482367531026
15.602482367531026
15.602482367531026
15.602482367531026
15.602482367531026
15.602482367531026
15.602482367531026
15.602482367531026
15.602482367531026
15.602482367531026
15.602482367531026
15.602482367531026
15.602482367531026
15.602482367531026
15.602482367531026
15.602482367531026
15.602482367531026
15.602482259504434
15.602482339565118
15.602482173448045
15.602482173448045
15.602482341243753
15.602482173448045
15.60248231733626
15.602482319494554
15.602482319494554
15.60248231733626
15.602482356296704
15.60248231733626
15.602482373507879
15.602482367531026
15.602482367531026
15.602482367531026
15.602482367531026
15.602482367531026
15.602482367531026
15.602482373268082
15.602482367531026
15.602482356296704
15.602482373268082
15.60248236825042
15.602482373507879
15.602482373507879
15.60248236825042
15.60248236825042
15.602482367531026
15.60248236825042
15.602482367531026
15.602482367531026
15.602482367531026
15.602482339565118
15.60248235749571
15.60248236825042
15.60248236825042
15.60248236825042
15.602482373507879
15.602482373507879
15.602482373507879
15.60248235749571
15.60248235749571
15.60248235749571
15.60248235749571
15.602482367531026
15.60248235749571
15.60248235749571
15.602482373507879
15.602482373507879
15.602482373507879
15.602482373507879
15.602482373268082
15.602482373268082
15.602482373268082
15.602482373268082
15.602482373268082
15.602482373268082
15.602482373268082
15.602482373268082
15.602482373268082
15.602482373268082
15.602482373268082
15.602482373268082
15.602482373507879
15.602482373507879
15.602482373507879
15.602482373268082
15.602482373507879
15.602482373268082
15.602482373268082
15.602482373507879
15.602482373268082
15.602482373507879
15.602482373507879
15.602482373507879
15.602482373507879
15.602482373507879
15.602482373507879
15.602482373507879
15.602482373507879
15.602482373268082
15.602482373507879
15.602482373507879
15.602482373507879
15.602482373507879
15.602482373507879
15.602482373507879
15.602482373507879
15.602482373507879
15.602482373507879
15.602482373507879
15.602482373507879
15.602482373507879
15.602482373507879
15.602482373507879
15.602482373507879
15.602482373507879
15.602482373507879
15.602482373507879
15.602482373507879
15.602482367531026
15.602482367531026
15.60248235749571
15.602482373507879
15.602482373507879
15.602482373507879
15.602482373507879
15.602482373507879
15.602482373507879
15.602482373507879
15.602482373507879
15.602482373507879
15.602482373507879
15.602482373507879
15.602482373507879
15.602482373507879
15.602482373507879
15.602482373507879
15.602482373507879
15.602482373507879
15.602482373507879
15.602482373268082
15.602482373268082
15.602482373268082
15.602482373507879
15.602482373268082
15.602482373268082
15.602482373268082
15.602482373268082
15.602482373507879
15.602482373507879
15.602482373507879
15.602482373268082
15.602482373507879
15.602482373507879
15.602482373507879
15.602482373507879
15.602482373507879
15.602482373507879
15.602482373507879
15.602482373507879
15.602482373268082
15.602482373507879
15.602482373507879
15.602482373507879
15.602482373507879
15.602482373507879
15.602482373507879
15.602482373507879
15.602482373507879
15.602482373507879
15.602482373507879
15.602482373507879
15.602482373507879
15.602482373507879
15.602482373507879
15.602482339565118
15.602482373507879
15.602482341243753
15.602482373268082
15.602482373507879
15.60248236825042
15.602482341243753
15.602482341243753
15.602482292248112
15.602482341243753
15.60248235749571
15.60248235749571
15.60248235749571
15.602482292248112
15.602482292248112
15.602482292248112
15.602482292248112
15.602482341243753
15.60248236825042
15.60248236825042
15.60248236825042
15.602482373507879
15.602482373507879
15.60248236825042
15.602482356296704
15.602482341243753
15.602482367531026
15.602482356296704
15.602482356296704
15.602482356296704
15.602482356296704
15.602482356296704
15.602482356296704
15.602482356296704
15.602482373268082
15.602482356296704
15.60248235749571
15.60248231733626
15.602482341243753
15.602482341243753
15.60248235749571
15.602482373507879
15.602482373507879
15.602482373507879
15.602482373507879
15.602482373268082
15.602482373507879
15.602482373507879
15.602482373507879
15.602482373507879
15.602482373507879
15.60248236825042
15.602482373507879
15.602482373507879
15.602482373268082
15.60248236825042
15.60248236825042
15.60248236825042
15.60248236825042
15.602482373268082
15.60248236825042
15.602482373507879
15.602482373507879
15.602482373507879
15.602482373507879
15.602482373507879
15.602482373507879
15.60248236825042
15.60248235749571
15.60248236825042
15.602482373268082
15.60248235749571
15.602482373507879
15.602482373268082
15.602482373268082
15.602482373268082
15.602482373268082
15.602482373268082
15.602482259504434
15.602480718326339
15.602482221263525
15.602480718326339
15.602480850501415
15.602480850501415
15.602480850501415
15.60248207355744
15.602482292248112
15.602482292248112
15.602482292248112
15.602482292248112
15.602482292248112
15.602482292248112
15.602482341243753
15.602482341243753
15.60248235749571
15.602482356296704
15.60248236825042
15.602482356296704
15.602482373268082
15.60248236825042
15.60248236825042
15.602482356296704
15.602482356296704
15.602482356296704
15.602482356296704
15.602482341243753
15.60248236825042
15.60248236825042
15.60248236825042
15.602482373268082
15.602482373268082
15.602482373507879
15.602482373507879
15.602482373507879
15.602482373507879
15.602482373507879
15.602482373507879
15.602482373507879
15.602482373507879
15.602482373507879
15.602482373507879
15.602482373507879
15.602482373507879
15.602482373507879
15.602482292248112
15.602481709997852
15.602481709997852
15.602482319494554
15.602482319494554
15.60248200781035
15.602482373507879
15.602482373507879
15.602481709997852
15.602481792696942
15.602481709997852
15.602481709997852
15.602481709997852
15.602481869898718
15.60248206852021
15.602482177525388
15.60248200781035
15.60248200781035
15.602482289610126
15.602482123732774
15.602482373507879
15.602482373507879
15.602482373507879
15.602482373507879
15.602482373507879
15.602482373507879
15.602482373507879
15.602482373507879
15.602482373507879
15.602482373507879
15.602482373507879
15.602482373507879
15.60248235749571
15.60248235749571
15.60248235749571
15.60248235749571
15.602482373507879
15.602482373507879
15.602482373507879
15.602482373507879
15.602482373507879
15.602482373507879
15.602482373507879
15.602482373507879
15.602482373507879
15.602482373507879
15.602482373507879
15.602482373507879
15.602482373507879
15.602482373507879
15.602482373507879
15.602482373507879
15.602482373507879
15.602482373507879
15.602482373507879
15.602482373268082
15.602482373268082
15.602482173448045
15.60248235749571
15.602482373507879
15.602482373507879
15.602482373507879
15.602482373507879
15.602482373507879
15.602482373507879
15.602482373507879
15.602482373507879
15.602482373507879
15.602482373507879
15.602482373507879
15.602482373507879
15.602482256386716
15.602482367531026
15.602482367531026
15.602482367531026
15.602482367531026
15.602482367531026
15.602482373507879
15.602482373507879
15.602482373507879
15.602482373507879
15.60248236825042
15.60248236825042
15.60248236825042
15.60248236825042
15.602482373268082
15.602482373268082
15.60248236825042
15.602482373268082
15.60248236825042
15.602482373507879
15.602482373507879
15.60248235749571
15.602482373507879
15.602482367531026
15.602482367531026
15.602482373507879
15.602482367531026
15.602482367531026
15.602482373268082
15.602482373268082
15.602482367531026
15.602482367531026
15.602482367531026
15.602482367531026
15.602482367531026
15.602482367531026
15.602482367531026
15.602482367531026
15.602482367531026
15.602482367531026
15.60248236825042
15.60248236825042
15.602482367531026
15.602482367531026
15.602482367531026
15.602482367531026
15.602482373268082
15.602482373268082
15.602482373268082
15.602482373268082
15.602482373507879
15.602482373507879
15.602482373268082
15.602482373268082
15.602482373268082
15.602482373268082
15.602482373268082
15.602482373268082
15.602482373268082
15.602482373268082
15.602482373268082
15.602482373268082
15.602482373268082
15.602482373268082
15.602482373268082
15.602482373268082
15.602482341243753
15.602482341243753
15.602482341243753
15.602482341243753
15.602482341243753
15.602482341243753
15.602482341243753
15.602482373268082
15.602482373268082
15.602482373268082
15.602482373268082
15.602482373268082
15.602482373268082
15.602482373268082
15.602482373268082
15.602482373268082
15.602482373268082
15.602482373268082
15.602482373268082
15.602482373268082
15.602482373268082
15.602482373268082
15.602482373268082
15.602482373268082
15.602482339565118
15.602482373268082
15.602482356296704
15.602482339565118
15.602482367531026
15.602482367531026
15.602482367531026
15.602482367531026
15.602482367531026
15.602482367531026
15.602482367531026
15.602482367531026
15.602482367531026
15.602482367531026
15.602482367531026
15.602482367531026
15.602482367531026
15.602482367531026
15.602482373507879
15.602482367531026
15.602482367531026
15.602482373507879
15.602482367531026
15.602482367531026
15.602482367531026
15.602482367531026
15.602482367531026
15.602482367531026
15.602482367531026
15.602482367531026
15.602482367531026
15.602482367531026
15.602482367531026
15.60248236825042
15.60248236825042
15.602482373268082
15.60248236825042
15.60248236825042
15.60248236825042
15.602482367531026
15.602482367531026
15.602482367531026
15.602482367531026
15.602482367531026
15.602482367531026
15.602482367531026
15.602482356296704
15.602482356296704
15.602482356296704
15.602482356296704
15.602482356296704
15.602482356296704
15.602482356296704
15.602482356296704
15.60248231733626
15.60248231733626
15.60248231733626
15.602482256386716
15.602482256386716
15.602482341243753
15.602482341243753
15.602482341243753
15.60248236825042
15.60248236825042
15.602482356296704
15.602482356296704
15.602482289610126
15.602482341243753
15.602482341243753
15.602482341243753
15.602482341243753
15.602482341243753
15.602482341243753
15.602482341243753
15.602482341243753
15.60248206852021
15.602482319494554
15.602482341243753
15.602482373507879
15.60248236825042
15.60248236825042
15.602482319494554
15.60248236825042
15.60248236825042
15.60248236825042
15.60248236825042
15.60248236825042
15.60248236825042
15.60248236825042
15.602482373268082
15.602482373268082
15.602482373268082
15.602482373268082
15.602482373268082
15.602482373268082
15.60248236825042
15.60248236825042
15.60248236825042
15.60248236825042
15.60248236825042
15.60248236825042
15.60248236825042
15.602482373268082
15.602482373268082
15.602480288816993
15.602481869898718
15.602481869898718
15.602481941603187
15.60247980983139
15.602480288816993
15.602480437484132
15.602480580653914
15.602482341243753
15.602482341243753
15.602482373507879
15.602482373268082
15.602482373268082
15.602482373268082
15.602482341243753
15.602482341243753
15.602482341243753
15.602482341243753
15.602482341243753
15.602482367531026
15.602482367531026
15.602482341243753
15.602482341243753
15.602482373268082
15.602482373268082
15.602482373268082
15.602482356296704
15.602482341243753
15.602482341243753
15.602482373268082
15.602482373268082
15.602482341243753
15.602482341243753
15.602482373507879
15.602482373507879
15.602482373507879
15.602482373507879
15.602482373507879
15.602482373507879
15.602482341243753
15.602482356296704
15.602482367531026
15.602482341243753
15.602482367531026
15.602482367531026
15.602482367531026
15.602482339565118
15.60248235749571
15.602482367531026
15.602482367531026
15.602482367531026
15.602482367531026
15.602482367531026
15.60248235749571
15.60248235749571
15.60248236825042
15.60248236825042
15.602482373507879
15.60248236825042
15.60248236825042
15.60248236825042
15.602482373268082
15.602482373268082
15.602482373268082
15.602482373268082
15.602482373268082
15.602482373268082
15.602482373268082
15.602482373268082
15.602482373507879
15.602482373507879
15.602482373268082
15.602482373507879
15.602482373268082
15.602482373268082
15.602482373268082
15.602482373268082
15.602482373268082
15.602482373268082
15.602482373268082
15.602482373268082
15.60248236825042
15.60248236825042
15.60248236825042
15.60248236825042
15.60248236825042
15.602482373268082
15.602482373507879
15.60248236825042
15.602482373268082
15.60248236825042
15.602482373268082
15.602482373268082
15.60248236825042
15.602482373507879
15.602482373507879
15.602482373268082
15.60248236825042
15.602482367531026
15.602482373268082
15.602482373268082
15.602482373268082
15.602482373268082
15.60248236825042
15.602482221263525
15.602482221263525
15.602482292248112
15.602482373268082
15.602482373268082
15.602482128290024
15.602481941603187
15.602481941603187
15.602481941603187
15.602482128290024
15.602482013327641
15.602482128290024
15.602480718326339
15.602481621801445
15.602477183467272
15.602481629720533
15.602481214042577
15.602481941603187
15.602481941603187
15.60248206852021
15.602482373507879
15.602482373507879
15.602482373507879
15.60248200781035
15.60248206852021
15.602482217666024
15.602482292248112
15.602482292248112
15.60248236825042
15.602482373268082
15.602482373268082
15.602482373268082
15.60248236825042
15.60248236825042
15.602482373268082
15.602482373268082
15.60248236825042
15.60248236825042
15.60248236825042
15.602482373268082
15.602482373268082
15.602482373268082
15.602482373268082
15.602482373268082
15.602482373268082
15.602482373268082
15.602482256386716
15.60248236825042
15.60248235749571
15.602481869898718
15.602481792696942
15.602482373268082
15.602481792696942
15.60248236825042
15.60248235749571
15.602482373507879
15.602482373268082
15.602482373268082
15.602482373507879
15.602482373507879
15.602482373507879
15.602482373268082
15.602482373507879
15.602482373507879
15.602482373507879
15.602482373507879
15.602482373507879
15.60248236825042
15.602482373268082
15.602482373507879
15.60248236825042
15.602482373268082
15.602482373507879
15.602482373507879
15.602482373507879
15.602482373507879
15.602482292248112
15.602482373507879
15.60248231733626
15.60248235749571
15.602482367531026
15.602482367531026
15.602482367531026
15.602482367531026
15.602482367531026
15.602482367531026
15.602482367531026
15.602482373507879
15.602482373507879
15.602482373507879
15.602482367531026
15.602482367531026
15.602482367531026
15.602482367531026
15.602482367531026
15.602482367531026
15.602482373507879
15.60248235749571
15.60248235749571
15.60248235749571
15.602482341243753
15.602482341243753
15.602482341243753
15.602482341243753
15.602482341243753
15.602482341243753
15.602482341243753
15.602482341243753
15.602482341243753
15.60248231733626
15.602482217666024
15.60248231733626
15.602482013327641
15.602482128290024
15.602482128290024
15.602482221263525
15.602482128290024
15.602482128290024
15.602482128290024
15.602482013327641
15.602482013327641
15.602482013327641
15.602482221263525
15.602482221263525
15.602482221263525
15.602482221263525
15.602482221263525
