0.0
7.437704067133353
7.438242780009785
7.438242780009785
7.437704067133353
7.437704067133353
7.435547739858485
7.435547739858485
11.922990721016589
11.921237893706978
11.922990721016589
11.923004364684104
11.91935929262083
11.918423277134298
11.910997569041175
11.910997569041175
11.911973479231682
11.91915273430174
15.018504787442374
11.91545173595862
14.735447146845473
14.735259097993918
14.72998606319388
14.729420217384734
14.729420217384734
15.07709988727878
15.07709988727878
15.324625054517856
15.324625054517856
15.32805221227441
15.602183854974939
15.592718684659204
15.49317631146677
15.532991651148777
15.53617629361578
15.53617629361578
15.538205174448937
15.560875783871598
15.54632964160437
15.600493652003685
15.581074541802668
15.58136462337691
15.58156196265868
15.58136462337691
15.581425441603013
15.58136462337691
15.581470997845463
15.581470997845463
15.581470997845463
15.581486172321021
15.584858792407875
15.585108149480927
15.585066713114742
15.585108149480927
15.585066713114742
15.58521840563279
15.585204642770488
15.585121950656488
15.585121950656488
15.585245914937229
15.5851771006258
15.5851771006258
15.5851771006258
15.5851771006258
15.585232163021708
15.585273402348012
15.58521840563279
15.585149536587757
15.585232163021708
15.585149536587757
15.58516332134344
15.58516332134344
15.58516332134344
15.585232163021708
15.585232163021708
15.585245914937229
15.585232163021708
15.58516332134344
15.585232163021708
15.585232163021708
15.585259661379332
15.585259661379332
15.585273402348012
15.585259661379332
15.585273402348012
15.585273402348012
15.585273402348012
15.585273402348012
15.585273402348012
15.585273402348012
15.585273402348012
15.585273402348012
15.585273402348012
15.585273402348012
15.585273402348012
15.585273402348012
15.585273402348012
15.585273402348012
15.585273402348012
15.585273402348012
15.585259661379332
15.585259661379332
15.585259661379332
15.585259661379332
15.585259661379332
15.585259661379332
15.585259661379332
15.585273402348012
15.585273402348012
15.58521840563279
15.58521840563279
15.585259661379332
15.585259661379332
15.585259661379332
15.585273402348012
15.585259661379332
15.585259661379332
15.585259661379332
15.585259661379332
15.585259661379332
15.585259661379332
15.585273402348012
15.585273402348012
15.585273402348012
15.585273402348012
15.585273402348012
15.585149536587757
15.585273402348012
15.585273402348012
15.584649640278869
15.584621660290326
15.583886497240359
15.58391504635237
15.584227641961435
15.584270063428013
15.584270063428013
15.585149536587757
15.585149536587757
15.585245914937229
15.58508053071004
15.58508053071004
15.58490047506467
15.585011388001542
15.585011388001542
15.585011388001542
15.585011388001542
15.58490047506467
15.584453320654308
15.585011388001542
15.585011388001542
15.585232163021708
15.585232163021708
15.585232163021708
15.585011388001542
15.585039061504517
15.585066713114742
15.585245914937229
15.585245914937229
15.585245914937229
15.585245914937229
15.584955975317857
15.584955975317857
15.584579649262096
15.585149536587757
15.584565634640638
15.583671681238801
15.584340656425272
15.584340656425272
15.583671681238801
15.58381502870196
15.584495479443671
15.584495479443671
15.584495479443671
15.584495479443671
15.584789211853673
15.584830976605048
15.584830976605048
15.584830976605048
15.584803138910399
15.584803138910399
15.584803138910399
15.58469156921596
15.585135746358768
15.584858792407875
15.584858792407875
15.584858792407875
15.584858792407875
15.58508053071004
15.58508053071004
15.585066713114742
15.58505289004623
15.58505289004623
15.585273402348012
15.585273402348012
15.585273402348012
15.58521840563279
15.585273402348012
15.585273402348012
15.595991674105559
15.599459898396695
15.599459898396695
15.600824663545712
15.600613384667914
15.600198149424646
15.600193134654301
15.602273674044953
15.602273674044953
15.60190220891589
15.59690343306276
15.601609364654387
15.601609364654387
15.602372925318715
15.602372925318715
15.602372925318715
15.602441096950834
15.602441096950834
15.602435531573132
15.602474196789352
15.602474196789352
15.602478499790092
15.602480977179145
15.602480850501415
15.602480850501415
15.602480850501415
15.60248231733626
15.60248231733626
15.60248109835953
15.602482367531026
15.602482367531026
15.602482173448045
15.602482373268082
15.602482373268082
15.602482373268082
15.602482373268082
15.602481324228286
15.602481428916667
15.602481324228286
15.602481528107718
15.602481528107718
15.60248231733626
15.60248231733626
15.602482341243753
15.602482217666024
15.602482221263525
15.60248231733626
15.602482177525388
15.602482221263525
15.602482221263525
15.602482221263525
15.602482221263525
15.602482221263525
15.602482128290024
15.602482123732774
15.602481799654983
15.602482256386716
15.602482256386716
15.60248235749571
15.60248235749571
15.60248235749571
15.60248236825042
15.60248236825042
15.60248236825042
15.60248236825042
15.60248235749571
15.602482373268082
15.602482367531026
15.602482367531026
15.602482341243753
15.602482341243753
15.602482367531026
15.602482367531026
15.602482367531026
15.602482367531026
15.602482367531026
15.602482367531026
15.602482367531026
15.602482367531026
15.602482367531026
15.602482367531026
15.602482367531026
15.602482367531026
15.602482367531026
15.602482319494554
15.602482373507879
15.602482367531026
15.602482367531026
15.60248235749571
15.60248235749571
15.60248235749571
15.60248236825042
15.60248235749571
15.60248235749571
15.60248236825042
15.60248236825042
15.602482373268082
15.60248236825042
15.602482373507879
15.602482373507879
15.60248235749571
15.60248235749571
15.602482373507879
15.602482373507879
15.602482373507879
15.602482373507879
15.602482373507879
15.602482373507879
15.602482373507879
15.602482373507879
15.602482373507879
15.60248235749571
15.602482373507879
15.602482373507879
15.602482373507879
15.60248235749571
15.60248235749571
15.60248235749571
15.602482373268082
15.60248236825042
15.602482373507879
15.602482373507879
15.602482373507879
15.602482373507879
15.602482373507879
15.602482373507879
15.602482373507879
15.602482373507879
15.602482319494554
15.602482373507879
15.602482373507879
15.602482373507879
15.602482373507879
15.602482373507879
15.602482373507879
15.602482341243753
15.602482217666024
15.602482319494554
15.602482341243753
15.602482341243753
15.602482373507879
15.602482373507879
15.602482373507879
15.602482373507879
15.602482373507879
15.602482373507879
15.602482373507879
15.602482373507879
15.602482373507879
15.602482373507879
15.602482373507879
15.602482319494554
15.60248231733626
15.602482319494554
15.60248235749571
15.602482367531026
15.602482367531026
15.602482367531026
15.602482341243753
15.602482341243753
15.602482373268082
15.602482373268082
15.602482373268082
15.602482367531026
15.602482373268082
15.602482373268082
15.602482373268082
15.60248236825042
15.602482373507879
15.602482373507879
15.602482373268082
15.602482373268082
15.602482373268082
15.602482373268082
15.602482373507879
15.602482373507879
15.602482373507879
15.602482373507879
15.602482373268082
15.602482373507879
15.602482373507879
15.602482373507879
15.602482373507879
15.602482373507879
15.602482373507879
15.602482373507879
15.602482373507879
15.602482373507879
15.602482373507879
15.602482373507879
15.602482373507879
15.602482373507879
15.602482373507879
15.602482373507879
15.602482373507879
15.602482373507879
15.602482373507879
15.602482373507879
15.602482373507879
15.602482373507879
15.602482373507879
15.602482373507879
15.602482373507879
15.602482373507879
15.602482373268082
15.602482373507879
15.602482373507879
15.602482373507879
15.602482373507879
15.602482373507879
15.602482373507879
15.602482373507879
15.602482373507879
15.602482373507879
15.602482373507879
15.602482373507879
15.602482373507879
15.602482373507879
15.602482373507879
15.602482373507879
15.60248236825042
15.60248236825042
15.60248236825042
15.60248236825042
15.602482373268082
15.602482373268082
15.602482373268082
15.602482373268082
15.602482373268082
15.60248236825042
15.602482373268082
15.602482373268082
15.602482373268082
15.602482373268082
15.602482356296704
15.602482373268082
15.602482373268082
15.602482373268082
15.602482367531026
15.602482339565118
15.602482339565118
15.602482339565118
15.602482367531026
15.602482367531026
15.602482373507879
15.602482356296704
15.60248235749571
15.60248235749571
15.602482367531026
15.60248236825042
15.60248236825042
15.602482367531026
15.602482356296704
15.602482292248112
15.602482356296704
15.602482356296704
15.602482356296704
15.602482367531026
15.602482367531026
15.602482367531026
15.602482373268082
15.602482367531026
15.602482356296704
15.602482356296704
15.60248236825042
15.602482367531026
15.602482356296704
15.602482356296704
15.602482356296704
15.602482356296704
15.602482341243753
15.602482341243753
15.60248236825042
15.602482356296704
15.602482373268082
15.60248236825042
15.602482373268082
15.602482373268082
15.602482373507879
15.602482373507879
15.602482373507879
15.602482373507879
15.602482373507879
15.602482373507879
15.602482373507879
15.602482373507879
15.60248236825042
15.602482367531026
15.60248235749571
15.60248235749571
15.60248236825042
15.602482373268082
15.602482373268082
15.602482341243753
15.602482367531026
15.602482367531026
15.602482341243753
15.602482367531026
15.602482356296704
15.60248235749571
15.60248235749571
15.60248235749571
15.602482341243753
15.602482341243753
15.602482373268082
15.602482373268082
15.602482373268082
15.602482373268082
15.602482373268082
15.602482373268082
15.602482339565118
15.602482339565118
15.602482367531026
15.602482339565118
15.602482339565118
15.602482339565118
15.602482339565118
15.602482339565118
15.602482339565118
15.60248231733626
15.60248231733626
15.602482373507879
15.602482373507879
15.602482373507879
15.602482373507879
15.602482373507879
15.602482373507879
15.602482373507879
15.602482373507879
15.602482373507879
15.602482373507879
15.602482373507879
15.602482373507879
15.602482373507879
15.602482373507879
15.602482373507879
15.602482373507879
15.602482373507879
15.602482373507879
15.602482373507879
15.602482373507879
15.602482373507879
15.602482373507879
15.602482373507879
15.602482373507879
15.602482373507879
15.602482373507879
15.602482373507879
15.602482373507879
15.602482373507879
15.602482373507879
15.602482373507879
15.602482373507879
15.602482373507879
15.602482373507879
15.602482373507879
15.602482373507879
15.602482373507879
15.602482373507879
15.602482373507879
15.602482373507879
15.602482373507879
15.602482373507879
15.602482289610126
15.602482289610126
15.602482319494554
15.602482319494554
15.602482289610126
15.602482289610126
15.602482289610126
15.602482373268082
15.602482373268082
15.602482373268082
15.602482373268082
15.602482373507879
15.602482373507879
15.602482373507879
15.602482373507879
15.602482373507879
15.602482373507879
15.602482373507879
15.602482373507879
15.602482373507879
15.602482373507879
15.602482373507879
15.602482373507879
15.602482373507879
15.602482373507879
15.602482373507879
15.602482373507879
15.602482373268082
15.602482373268082
15.60248236825042
15.60248236825042
15.60248236825042
15.60248236825042
15.60248236825042
15.60248236825042
15.602482373268082
15.602482373507879
15.602482373507879
15.602482373507879
15.602482373507879
15.602482373507879
15.60248236825042
15.602482373268082
15.602482373268082
15.602482373268082
15.602482373268082
15.602482356296704
15.602482356296704
15.602482356296704
15.60248236825042
15.60248236825042
15.60248236825042
15.60248236825042
15.60248236825042
15.60248236825042
15.602482373268082
15.602482356296704
15.602482373507879
15.602482373507879
15.60248236825042
15.60248236825042
15.602482373268082
15.602482373268082
15.602482373268082
15.602482373268082
15.602482373507879
15.602482373507879
15.602482373507879
15.602482373507879
15.602482373507879
15.602482373507879
15.602482373507879
15.602482373507879
15.602482373507879
15.60248236825042
15.602482373507879
15.602482373507879
15.602482373507879
15.602482373507879
15.60248236825042
15.60248236825042
15.602482373507879
15.60248236825042
15.60248235749571
15.60248235749571
15.602482373268082
15.602482373507879
15.602482373268082
15.602482373507879
15.602482373507879
15.602482373507879
15.602482373507879
15.60248236825042
15.60248236825042
15.602482367531026
15.602482367531026
15.602482373507879
15.602482373507879
15.602482373507879
15.602482373507879
15.602482373507879
15.602482373507879
15.602482373507879
15.602482373507879
15.602482373507879
15.602482373507879
15.602482373268082
15.602482373268082
15.60248236825042
15.60248236825042
15.60248236825042
15.60248236825042
15.60248236825042
15.60248236825042
15.602482373268082
15.602481792696942
15.602481792696942
15.602474196789352
15.602474196789352
15.602477183467272
15.602481941603187
15.602481621801445
15.602481941603187
15.602482221263525
15.602482221263525
15.602482128290024
15.60248235749571
15.60248235749571
15.60248235749571
15.60248236825042
15.602482356296704
15.602482339565118
15.602482339565118
15.602482339565118
15.602482341243753
15.602482339565118
15.602482367531026
15.602482367531026
15.602482367531026
15.602482367531026
15.602482367531026
15.602482367531026
15.602482367531026
15.602482367531026
15.602482367531026
15.602482367531026
15.602482367531026
15.602482367531026
15.602482367531026
15.602482367531026
15.602482367531026
15.602482367531026
15.602482367531026
15.602482367531026
15.602482367531026
15.602482367531026
15.602482367531026
15.602482367531026
15.602482367531026
15.602482367531026
15.602482367531026
15.602482367531026
15.602482367531026
15.602482367531026
15.602482367531026
15.602482367531026
15.602482367531026
15.602482259504434
15.602482259504434
15.60248207355744
15.602482356296704
15.602482367531026
15.602482367531026
15.602482367531026
15.602482128290024
15.602482128290024
15.602481876376409
15.602481876376409
15.602481876376409
15.602481876376409
15.60248207355744
15.602482013327641
15.602482128290024
15.602482128290024
15.602482013327641
15.602482128290024
15.60248207355744
15.602482013327641
15.602482013327641
15.602482013327641
15.602482013327641
15.602482013327641
15.602482013327641
15.602482123732774
15.602481214042577
15.602482013327641
15.60248194760063
15.602482013327641
15.60248194760063
15.602482123732774
15.602482259504434
15.602482292248112
15.602482292248112
15.602482292248112
15.602482259504434
15.602482339565118
15.602482259504434
15.602482339565118
15.60248236825042
15.60248236825042
15.60248236825042
15.60248236825042
15.60248236825042
15.60248235749571
15.602482356296704
15.602482356296704
15.602482356296704
15.602482356296704
15.602482356296704
15.60248236825042
15.60248236825042
15.60248235749571
15.60248235749571
15.602482341243753
15.602482373268082
15.602482373268082
15.60248236825042
15.60248236825042
15.60248236825042
15.60248236825042
15.60248236825042
15.60248236825042
15.60248236825042
15.60248236825042
15.60248236825042
15.60248236825042
15.60248236825042
15.60248236825042
15.60248236825042
15.60248236825042
15.60248236825042
15.60248236825042
15.602482367531026
15.60248236825042
15.60248231733626
15.602482367531026
15.602482367531026
15.602482367531026
15.602482367531026
15.602482367531026
15.602482367531026
15.602482367531026
15.602482367531026
15.602482367531026
15.602482373507879
15.602482367531026
15.602482339565118
15.602482339565118
15.602482367531026
15.602482367531026
15.602482367531026
15.602482367531026
15.602482367531026
15.602482367531026
15.602482367531026
15.602482367531026
15.602482367531026
15.602482367531026
15.602482367531026
15.602482367531026
15.602482367531026
15.602482367531026
15.602482367531026
15.60248236825042
15.60248236825042
15.602482373507879
15.602482373507879
15.602482373507879
15.602482373507879
15.602482373507879
15.60248235749571
15.60248236825042
15.60248236825042
15.60248236825042
15.60248236825042
15.602482373507879
15.60248235749571
15.60248235749571
15.60248236825042
15.60248236825042
15.60248235749571
15.60248235749571
15.602482367531026
15.60248236825042
15.602482373507879
15.60248236825042
15.60248236825042
15.60248236825042
15.602482373507879
15.60248236825042
15.602482367531026
15.602482367531026
15.602482367531026
15.602482367531026
15.602482367531026
15.602482367531026
15.602482367531026
15.602482367531026
15.60248236825042
15.602482367531026
15.602482367531026
15.602482367531026
15.602482367531026
15.602482367531026
15.602482367531026
15.602482367531026
15.602482367531026
15.602482356296704
15.602482289610126
15.602479281369432
15.602482367531026
15.602482259504434
15.602482259504434
15.602482319494554
15.602481528107718
15.602482367531026
15.602481876376409
15.602481876376409
15.602482367531026
15.602481528107718
15.602481799654983
15.602481799654983
15.60248109835953
15.602479281369432
15.602481792696942
15.602481792696942
15.602482339565118
15.602482319494554
15.602482319494554
15.60248235749571
15.602482373268082
15.602482373268082
15.602482373268082
15.602482373268082
15.602482373268082
15.602482373268082
15.602482373507879
15.602482373507879
15.602482373507879
15.602482373507879
15.602482373507879
15.602482373507879
15.602482373507879
15.602482373507879
15.60248200781035
15.602482341243753
15.602440482173314
15.60248236825042
15.602482373507879
15.602482373507879
15.602482373507879
15.602482373507879
15.602482373507879
15.602482373507879
15.602482373507879
15.602482373507879
15.602482373268082
15.602482373507879
15.602482373507879
15.602482373507879
15.602482373507879
15.602482373507879
15.602482373507879
15.602482373507879
15.60248236825042
15.602482373507879
15.602482373507879
15.602482373268082
15.602482373268082
15.602482373268082
15.60248235749571
15.60248235749571
15.602482367531026
15.602482367531026
15.602482367531026
15.602482367531026
15.602482367531026
15.602482367531026
15.602482367531026
15.602482367531026
15.602482367531026
15.602482259504434
15.602482367531026
15.602482367531026
15.602482367531026
15.602482367531026
15.602482367531026
15.602482367531026
15.602482367531026
15.602482367531026
15.602482356296704
15.602482319494554
15.602482319494554
15.602482373507879
15.602482373507879
15.602482373507879
15.60248200781035
15.60248207355744
15.602482373268082
15.602482373268082
15.60248207355744
15.60248236825042
15.60248236825042
15.60248236825042
15.602482373268082
15.60248235749571
15.60248236825042
15.60248236825042
15.60248235749571
15.60248235749571
15.60248236825042
15.602482373268082
15.602482373507879
15.602482373268082
15.602482373268082
15.602482373268082
15.602482373507879
15.602482373507879
15.602482373268082
15.602482373268082
15.60248236825042
15.602482373268082
15.602482373268082
15.60248236825042
15.60248236825042
15.60248236825042
15.60248236825042
15.602482373268082
15.60248236825042
