0.0
1.072235425007114
6.114549271714482
7.429605677238163
10.238905873939363
8.97921291216681
8.9794766293137
11.923519700333784
11.923519700333784
11.907559366527702
11.907559366527702
11.907470408149205
11.907506004119606
11.923465741138617
11.923519700333784
11.92356012546501
11.923533179593267
11.923533179593267
11.92356012546501
11.922689493838014
11.92356012546501
11.92356012546501
11.923126967995632
11.923126967995632
11.923519700333784
11.923533179593267
11.92356012546501
11.923533179593267
11.923533179593267
11.923533179593267
11.923519700333784
11.923533179593267
11.923492729167636
11.923465741138617
11.923303458847606
11.923465741138617
11.923492729167636
11.923533179593267
11.923533179593267
11.923533179593267
11.923533179593267
11.923533179593267
11.923533179593267
11.923533179593267
11.923533179593267
11.923533179593267
11.923533179593267
11.923533179593267
11.923533179593267
11.923533179593267
11.923533179593267
11.923533179593267
11.923533179593267
11.923533179593267
11.923533179593267
11.923533179593267
11.923533179593267
11.92356012546501
11.92354665463701
11.92354665463701
11.92354665463701
11.92354665463701
11.923533179593267
14.651086642525083
14.657357752856983
14.706551854802484
14.99372878825082
15.077983850078045
15.34828298556692
15.408553933172866
15.585750887874259
15.601996515412104
15.60201482724159
15.602386819706826
15.602482373268082
15.602482373268082
15.602392870330624
15.602393859530245
15.602474223135463
15.602476183941889
15.602476183941889
15.602474223135463
15.602474223135463
15.60248098798467
15.602474810851133
15.602482123732774
15.602474519741822
15.60247537657861
15.60247537657861
15.602477399124414
15.602477399124414
15.60248206852021
15.60248206852021
15.602482339565118
15.602482339565118
15.602482373507879
15.602482373507879
15.602482373507879
15.602482373507879
15.602482373507879
15.602482373507879
15.602482373507879
15.602482373507879
15.602482373507879
15.602482373507879
15.602482373507879
15.602482373268082
15.602482373507879
15.602482373507879
15.602482373507879
15.602482373507879
15.602482373507879
15.602482373507879
15.602482373507879
15.602482373507879
15.602482373507879
15.602482373507879
15.602482373507879
15.602482373507879
15.602482373507879
15.602482373507879
15.602482373507879
15.602482373507879
15.602482373507879
15.602482373507879
15.602482373507879
15.602482373507879
15.602482373507879
15.602482373507879
15.602482373507879
15.602482373507879
15.602482339565118
15.602482339565118
15.602482339565118
15.602482367531026
15.602482356296704
15.602482339565118
15.602482339565118
15.602482256386716
15.602482256386716
15.602482256386716
15.602482217666024
15.602482217666024
15.602482173448045
15.602482373268082
15.602482341243753
15.602482373507879
15.60248206852021
15.602482221263525
15.602482221263525
15.60248194760063
15.60248194760063
15.602482128290024
15.602482256386716
15.602482289610126
15.602482289610126
15.602482339565118
15.60248235749571
15.60248235749571
15.60248236825042
15.60248236825042
15.602482373268082
15.602482373268082
15.602482373507879
15.602482373507879
15.602482373507879
15.602482373507879
15.602482373507879
15.602482373507879
15.602482373507879
15.602482373268082
15.602482373268082
15.602482373268082
15.602482373268082
15.60248236825042
15.60248236825042
15.60248236825042
15.60248236825042
15.60248236825042
15.60248236825042
15.60248231733626
15.602482373268082
15.602482373268082
15.602482373268082
15.602482373268082
15.602482373268082
15.602482373268082
15.60248236825042
15.60248236825042
15.60248236825042
15.60248236825042
15.602482373507879
15.60248236825042
15.602482373507879
15.602482373507879
15.602482373507879
15.602482373507879
15.602482373268082
15.60248236825042
15.602482367531026
15.602482367531026
15.602482367531026
15.602482367531026
15.602482373507879
15.602482367531026
15.602482367531026
15.602482367531026
15.602482367531026
15.602482367531026
15.602482367531026
15.602482373268082
15.602482367531026
15.602482367531026
15.602482367531026
15.60248236825042
15.60248236825042
15.60248236825042
15.60248236825042
15.602482373268082
15.602482373268082
15.602482373268082
15.60248236825042
15.602482259504434
15.60248235749571
15.60248236825042
15.602482367531026
15.60248235749571
15.602482356296704
15.602482373268082
15.602482373268082
15.602482373268082
15.602482373268082
15.602482373268082
15.602482373268082
15.602482373268082
15.602482373268082
15.602482373507879
15.602482373507879
15.602482373507879
15.602482373507879
15.60248235749571
15.602482356296704
15.602482373268082
15.602482373507879
15.602482373507879
15.602482373268082
15.602482373268082
15.602482373268082
15.602482373268082
15.602482373268082
15.602482373268082
15.60248236825042
15.60248236825042
15.60248236825042
15.60248236825042
15.60248236825042
15.60248236825042
15.60248236825042
15.60248236825042
15.602482373268082
15.602481428916667
15.602481428916667
15.602481428916667
15.602481528107718
15.602481528107718
15.602481324228286
15.602481324228286
15.602481324228286
15.602482339565118
15.602482339565118
15.602482339565118
15.602482339565118
15.602482356296704
15.602482356296704
15.602482356296704
15.602482356296704
15.602482339565118
15.602482256386716
15.602482356296704
15.602482356296704
15.602482123732774
15.602482123732774
15.602482123732774
15.602482123732774
15.602482259504434
15.602482259504434
15.602481709997852
15.602482123732774
15.602481869898718
15.602482373507879
15.602481869898718
15.602482373507879
15.60248235749571
15.602482373507879
15.602482373507879
15.602482373507879
15.602482373507879
15.602482373507879
15.602482373507879
15.602482373507879
15.602482373507879
15.602482373507879
15.602482373507879
15.60248235749571
15.602482373507879
15.602482373507879
15.602482373507879
15.60248235749571
15.60248235749571
15.602482373507879
15.602482373507879
15.602482373507879
15.602482373268082
15.602482373507879
15.602482373268082
15.602482373268082
15.602482373268082
15.60248236825042
15.602482373507879
15.602482373507879
15.602482373507879
15.60248235749571
15.602482373507879
15.602482373507879
15.602482373268082
15.602482373268082
15.602479478651773
15.602482128290024
15.602481629720533
15.602481629720533
15.602482123732774
15.602480977179145
15.602481792696942
15.602481792696942
15.602481792696942
15.602481792696942
15.602481792696942
15.602481869898718
15.602481621801445
15.602481621801445
15.602481941603187
15.602481792696942
15.602481792696942
15.602482259504434
15.602482292248112
15.60248206852021
15.60248206852021
15.60248206852021
15.602482373268082
15.602482373268082
15.602481941603187
15.60248200781035
15.602481941603187
15.602482341243753
15.602482292248112
15.60248236825042
15.602482292248112
15.602482292248112
15.602482341243753
15.60248236825042
15.602482341243753
15.60248236825042
15.60248236825042
15.602481941603187
15.602481941603187
15.602476920376247
15.602482341243753
15.602481333589918
15.60248206852021
15.60248206852021
15.60248206852021
15.60248206852021
15.60248206852021
15.60248206852021
15.60248206852021
15.602482123732774
15.602482259504434
15.602482259504434
15.602482259504434
15.602482341243753
15.60248236825042
15.602482292248112
15.602482341243753
15.602482341243753
15.60248235749571
15.60248235749571
15.60248236825042
15.60248236825042
15.60248236825042
15.60248236825042
15.60248236825042
15.60248236825042
15.60248236825042
15.60248236825042
15.60248236825042
15.60248236825042
15.60248236825042
15.60248236825042
15.60248236825042
15.60248236825042
15.602482292248112
15.602482292248112
15.602482292248112
15.602482292248112
15.602482292248112
15.602482367531026
15.602482367531026
15.602482367531026
15.602482367531026
15.602482367531026
15.602482367531026
15.602482367531026
15.602482367531026
15.602482367531026
15.602482367531026
15.602482259504434
15.602482289610126
15.602482289610126
15.602482289610126
15.602482341243753
15.602482341243753
15.602482341243753
15.602482341243753
15.602482341243753
15.602482341243753
15.602482373268082
15.60248236825042
15.60248236825042
15.602482292248112
15.602482339565118
15.602482339565118
15.602482289610126
15.60248236825042
15.602482289610126
15.602482256386716
15.60248236825042
15.60248235749571
15.602482373268082
15.60248235749571
15.602482373268082
15.60248235749571
15.60248235749571
15.602482367531026
15.602482367531026
15.602482367531026
15.602482367531026
15.60248236825042
15.602482373507879
15.602482373507879
15.602482367531026
15.60248235749571
15.60248235749571
15.60248235749571
15.60248235749571
15.60248236825042
15.60248236825042
15.602482373507879
15.602482373507879
15.60248236825042
15.602482373507879
15.60248235749571
15.60248236825042
15.60248236825042
15.60248236825042
15.60248235749571
15.602388858567311
15.602389869752852
15.602471963179815
15.602482373507879
15.602482373507879
15.60248231733626
15.602482339565118
15.60248231733626
15.602482373507879
15.602482373507879
15.602482373507879
15.602482373507879
15.602482373507879
15.602482289610126
15.602482373507879
15.602482373507879
15.602482373507879
15.602482373507879
15.602482289610126
15.602482289610126
15.602482289610126
15.60248236825042
15.602482367531026
15.602482373268082
15.602482373268082
15.60248236825042
15.60248236825042
15.602482373268082
15.602482373268082
15.60248236825042
15.60248235749571
15.60248235749571
15.60248236825042
15.60248236825042
15.602482341243753
15.602482289610126
15.602482367531026
15.602482367531026
15.60248235749571
15.60248235749571
15.602482367531026
15.602482367531026
15.602482367531026
15.602482367531026
15.602482367531026
15.602482367531026
15.602482373507879
15.602482373507879
15.602482367531026
15.602482367531026
15.602482367531026
15.602482367531026
15.602482367531026
15.602482367531026
15.602482367531026
15.602482367531026
15.602482367531026
15.602482367531026
15.602482367531026
15.602482367531026
15.602482367531026
15.602482367531026
15.602482367531026
15.602482367531026
15.602482367531026
15.602482367531026
15.602482367531026
15.602482367531026
15.602482367531026
15.602482367531026
15.602482367531026
15.602482367531026
15.602482367531026
15.602482367531026
15.602482367531026
15.602482367531026
15.602482367531026
15.602482367531026
15.602482367531026
15.602482367531026
15.602482367531026
15.602482367531026
15.602482367531026
15.602482367531026
15.602482367531026
15.602482367531026
15.602482367531026
15.602482367531026
15.602482367531026
15.602482367531026
15.602482367531026
15.602482367531026
15.602482367531026
15.602482367531026
15.602482367531026
15.602482367531026
15.602482367531026
15.602482319494554
15.602482367531026
15.602482289610126
15.602482367531026
15.602482289610126
15.60248235749571
15.60248235749571
15.60248235749571
15.60248235749571
15.60248235749571
15.602482373507879
15.60248235749571
15.60248235749571
15.60248235749571
15.60248235749571
15.602482373507879
15.602482373507879
15.60248236825042
15.60248236825042
15.60248236825042
15.60248236825042
15.60248236825042
15.60248236825042
15.60248236825042
15.60248236825042
15.60248236825042
15.602482217666024
15.602482217666024
15.602482373268082
15.60248236825042
15.602482373507879
15.602482373507879
15.602482373507879
15.60248235749571
15.602482373507879
15.602482373507879
15.602482373507879
15.602482373507879
15.602482373268082
15.602482319494554
15.602482259504434
15.602482319494554
15.602482289610126
15.602482289610126
15.602482289610126
15.602482289610126
15.602482289610126
15.602482217666024
15.602482289610126
15.602482289610126
15.602482289610126
15.602482289610126
15.602482289610126
15.602482289610126
15.602482289610126
15.602482373507879
15.602482373507879
15.602482373507879
15.602482373507879
15.60248235749571
15.60248235749571
15.60248235749571
15.602482289610126
15.602482356296704
15.602482373268082
15.602482356296704
15.602482367531026
15.602482356296704
15.602482356296704
15.602482356296704
15.602482356296704
15.602482123732774
15.602482289610126
15.602482289610126
15.602482123732774
15.60248207355744
15.602482128290024
15.602482128290024
15.60248235749571
15.60248236825042
15.60248236825042
15.602482373268082
15.602482373268082
15.602482373268082
15.602482373268082
15.602482373268082
15.602482373268082
15.602482373268082
15.602482373268082
15.602482373268082
15.602482373268082
15.602482373507879
15.602482373507879
15.602482373507879
15.602482373507879
15.602482373507879
15.602482373507879
15.60248236825042
15.602482373507879
15.602482373507879
15.602482373507879
15.602482373507879
15.602482373507879
15.602482373268082
15.60248236825042
15.602482373268082
15.602482373268082
15.602482373268082
15.602482373507879
15.602482373268082
15.602482373268082
15.60248236825042
15.60248236825042
15.60248236825042
15.60248236825042
15.60248236825042
15.60248236825042
15.60248236825042
15.60248236825042
15.60248236825042
15.60248236825042
15.60248236825042
15.60248236825042
15.60248236825042
15.60248236825042
15.60248236825042
15.60248236825042
15.60248236825042
15.60248236825042
15.60248236825042
15.60248236825042
15.60248236825042
15.60248236825042
15.60248235749571
15.602482373507879
15.60248235749571
15.60248235749571
15.602482356296704
15.602482356296704
15.602482356296704
15.602482373268082
15.602482373268082
15.60248236825042
15.60248236825042
15.60248236825042
15.602482367531026
15.602482367531026
15.60248236825042
15.60248236825042
15.60248231733626
15.60248231733626
15.60248231733626
15.602482367531026
15.60248231733626
15.602482339565118
15.602482339565118
15.602482123732774
15.602482123732774
15.60248231733626
15.602482123732774
15.60248206852021
15.602482292248112
15.602482292248112
15.602482292248112
15.602482292248112
15.60248235749571
15.602482123732774
15.602482123732774
15.602482292248112
15.60248235749571
15.60248235749571
15.60248236825042
15.60248236825042
15.60248235749571
15.60248236825042
15.60248236825042
15.60248236825042
15.60248236825042
15.602482367531026
15.602482292248112
15.60248236825042
15.602482292248112
15.602482292248112
15.602482356296704
15.602482356296704
15.602482356296704
15.602482356296704
15.60248236825042
15.60248236825042
15.60248236825042
15.60248236825042
15.60248236825042
15.602482373507879
15.602482373507879
15.602482373507879
15.602482373507879
15.602482373507879
15.602482373507879
15.602482373507879
15.602482373507879
15.602482373507879
15.602482373507879
15.60248236825042
15.602482373507879
15.602482373268082
15.60248236825042
15.60248236825042
15.60248236825042
15.60248236825042
15.60248236825042
15.602482256386716
15.602482256386716
15.602482256386716
15.602482256386716
15.602482256386716
15.602482339565118
15.602482256386716
15.602482256386716
15.602482256386716
15.60248236825042
15.60248236825042
15.602482373268082
15.60248236825042
15.602482289610126
15.602482289610126
15.602482356296704
15.602482292248112
15.602482292248112
15.60248235749571
15.60248236825042
15.60248236825042
15.60248236825042
15.60248236825042
15.60248236825042
15.60248236825042
15.60248236825042
15.60248236825042
15.60248236825042
15.60248236825042
15.60248236825042
15.602481869898718
15.60248235749571
15.60248235749571
15.602482373507879
15.602482373507879
15.602482373507879
15.602482373507879
15.60248236825042
15.60248236825042
15.60248235749571
15.60248235749571
15.602482373507879
15.60248235749571
15.60248235749571
15.60248235749571
15.60248235749571
15.60248235749571
15.60248235749571
15.60248235749571
15.60248235749571
15.60248235749571
15.60248235749571
15.60248235749571
15.60248235749571
15.60248235749571
15.602481869898718
15.602482319494554
15.602482319494554
15.602482319494554
15.602482367531026
15.602482339565118
15.602482339565118
15.602482319494554
15.602482373507879
15.602482373507879
15.602482373507879
15.602482373507879
15.602482373507879
15.602482373507879
15.60248236825042
15.602481799654983
15.602482123732774
15.60248235749571
15.602482259504434
15.602482259504434
15.602482367531026
15.602482221263525
15.602482221263525
15.60248194760063
15.60248194760063
15.602482013327641
15.60248207355744
15.60248207355744
15.60248207355744
15.602482221263525
15.602482177525388
15.602482177525388
15.602482177525388
15.602482221263525
15.60248207355744
15.602482177525388
15.602482177525388
15.602482217666024
15.602482217666024
15.602482177525388
15.602482177525388
15.60248194760063
15.60248207355744
15.602481536507515
15.602482221263525
15.602482221263525
15.602482221263525
15.602482173448045
15.602482173448045
15.602482173448045
15.602482173448045
15.602482373268082
15.602482373268082
15.602482373268082
15.602482339565118
15.602482173448045
15.602482373268082
15.602482373268082
15.602482373268082
15.60248236825042
15.60248236825042
15.60248236825042
15.602482256386716
15.602482256386716
15.60248109835953
15.602482173448045
15.6024805929049
15.602481621801445
15.602482356296704
15.602482356296704
15.602482356296704
15.602482356296704
15.602482356296704
15.602482356296704
15.602482367531026
15.602482367531026
15.602482367531026
15.602482367531026
15.602482367531026
15.602482356296704
15.602482356296704
15.602482356296704
15.602482356296704
15.60248236825042
15.602482367531026
15.602482367531026
15.602482367531026
15.602482367531026
15.602482367531026
15.602482367531026
15.602482367531026
15.602482367531026
15.602482367531026
15.602482373268082
15.602482367531026
15.602482367531026
15.602482367531026
15.602482367531026
15.602482367531026
15.602482367531026
15.602482289610126
15.60248236825042
15.60248236825042
15.602482373507879
15.602482373507879
15.602482373507879
15.602482289610126
15.602482289610126
15.602482367531026
15.602482367531026
15.602482289610126
15.60248235749571
15.602482367531026
15.602482367531026
15.602482367531026
15.602482367531026
15.602482373507879
15.602482367531026
15.602482373507879
15.602482367531026
15.602482367531026
15.602482217666024
15.602482367531026
15.602482339565118
15.602482339565118
15.602482217666024
15.602482373507879
15.602482373507879
15.60248207355744
15.60248207355744
15.60248207355744
15.60248207355744
15.60248207355744
15.60248207355744
15.602482128290024
15.602482221263525
15.602482221263525
15.602482177525388
15.602482177525388
15.602482221263525
15.602482221263525
15.602482221263525
15.602482221263525
15.602482221263525
15.602482177525388
15.602482221263525
15.602482221263525
15.602482221263525
15.602482221263525
15.602482221263525
15.602482221263525
15.602482221263525
15.602482221263525
15.602482221263525
15.602482221263525
15.602482221263525
15.602482221263525
15.602482221263525
15.602482221263525
15.602482221263525
15.602482128290024
15.602482177525388
15.602482221263525
15.602482221263525
15.602482221263525
15.602482221263525
15.602482221263525
15.602482221263525
15.602482221263525
15.602482221263525
15.602482221263525
15.602482221263525
15.602482221263525
