0.0
1.0846167251497838
1.1646379283040629
7.438242780009785
7.438242780009785
7.438242780009785
11.27021233160563
11.27021233160563
15.07783450022516
15.078058517332774
15.077909177708825
15.077909177708825
15.07813317947295
15.061811728966672
14.981561253990137
15.478676488874704
15.585328311488134
15.585328311488134
15.593941895604647
15.601187408744808
15.601103084890966
15.60167666316716
15.601103084890966
15.601130203614519
15.601337462779412
15.601424426767675
15.60139697187786
15.601344546257813
15.601341007265528
15.602229102545163
15.60247327251296
15.601341007265528
15.601749342107045
15.601749342107045
15.60176065204964
15.601774665847419
15.60183469461662
15.601845323207968
15.6017521778347
15.601837360006748
15.601837360006748
15.601868916087739
15.601858485312423
15.6018895138814
15.601868916087739
15.602383620556783
15.601868916087739
15.60158491548219
15.60158491548219
15.60158491548219
15.601682603857249
15.601858485312423
15.601774665847419
15.601774665847419
15.601861101248623
15.60183469461662
15.601855863881315
15.601861101248623
15.602342544657914
15.602378341661776
15.60237726938902
15.60237726938902
15.60237726938902
15.60237726938902
15.602379408436608
15.602384659842048
15.602372925318715
15.602374019583191
15.60237510834973
15.602441096950834
15.602441096950834
15.602441096950834
15.602468305022423
15.602468305022423
15.602472953425892
15.602472953425892
15.602478076016043
15.602471963179815
15.602471275528341
15.602471275528341
15.602472953425892
15.602471275528341
15.602471275528341
15.602471275528341
15.60247327251296
15.60247327251296
15.60247327251296
15.60247327251296
15.60247327251296
15.60247327251296
15.60247327251296
15.60247327251296
15.60247327251296
15.60247327251296
15.60247327251296
15.60247327251296
15.60247327251296
15.60247327251296
15.60247327251296
15.60247327251296
15.60247327251296
15.60247327251296
15.602472953425892
15.602471622102822
15.602471622102822
15.602459839953253
15.60247327251296
15.60247327251296
15.60247327251296
15.602472628841344
15.602472628841344
15.602472628841344
15.602472628841344
15.602472628841344
15.602472628841344
15.602472953425892
15.602472953425892
15.602472953425892
15.602472953425892
15.602472953425892
15.602472953425892
15.602472953425892
15.60247327251296
15.60247327251296
15.60247229875932
15.60247327251296
15.60247327251296
15.602482259504434
15.602482259504434
15.60247327251296
15.60247327251296
15.602472628841344
15.602469834255443
15.602469834255443
15.602469834255443
15.602472628841344
15.602472628841344
15.602472628841344
15.60247327251296
15.602471275528341
15.602471963179815
15.602469834255443
15.602469834255443
15.602472628841344
15.602472628841344
15.602472628841344
15.602472628841344
15.60247327251296
15.60247327251296
15.602472628841344
15.602472628841344
15.602471275528341
15.602469834255443
15.602472628841344
15.602472628841344
15.602472628841344
15.602471275528341
15.602471275528341
15.602471275528341
15.602471622102822
15.602469834255443
15.60247229875932
15.60247229875932
15.602472628841344
15.60247229875932
15.60247229875932
15.60247229875932
15.602472953425892
15.60247229875932
15.602470565886891
15.602470565886891
15.60247020281992
15.602470565886891
15.602470565886891
15.602470565886891
15.602472953425892
15.60243624648734
15.602470565886891
15.60247327251296
15.602474223135463
15.602479281369432
15.602480977179145
15.602480977179145
15.60247327251296
15.60247327251296
15.60247327251296
15.60247327251296
15.60247327251296
15.60247327251296
15.602472953425892
15.602472953425892
15.602472953425892
15.60247327251296
15.60247327251296
15.60247327251296
15.602472628841344
15.602472628841344
15.602472628841344
15.602469834255443
15.60247229875932
15.602472628841344
15.602472628841344
15.602472953425892
15.602474519741822
15.602476941831544
15.602476941831544
15.602476941831544
15.60248206852021
15.602476941831544
15.602477183467272
15.602481108683595
15.602481717436357
15.602481108683595
15.60248206852021
15.60248206852021
15.602481536507515
15.602481792696942
15.602477183467272
15.602476183941889
15.602476694698733
15.602476694698733
15.602476694698733
15.602481108683595
15.602478517842712
15.60248194760063
15.602482013327641
15.602482221263525
15.602481876376409
15.602481876376409
15.602481876376409
15.602482013327641
15.602482128290024
15.602482128290024
15.602482128290024
15.602482128290024
15.602482128290024
15.602481621801445
15.602481792696942
15.602481792696942
15.602481869898718
15.60248207355744
15.60248207355744
15.60248207355744
15.60248236825042
15.602482373268082
15.60248236825042
15.60248236825042
15.60248236825042
15.60248236825042
15.60248236825042
15.60248236825042
15.60248236825042
15.60248235749571
15.60248236825042
15.60248236825042
15.602482373268082
15.60248236825042
15.60248236825042
15.60248236825042
15.60248236825042
15.60248236825042
15.60248236825042
15.60248236825042
15.60248236825042
15.602482373268082
15.602482373507879
15.602482373507879
15.602482373268082
15.602482373268082
15.602482373268082
15.60248236825042
15.60248236825042
15.60248236825042
15.60248236825042
15.60248236825042
15.60248236825042
15.60248236825042
15.602482217666024
15.602482217666024
15.602475352193439
15.602467944231126
15.602473894194686
15.602481437797309
15.602465884014464
15.602480861788578
15.602467944231126
15.602466724591991
15.602466724591991
15.602467944231126
15.602481528107718
15.602481428916667
15.602481324228286
15.602481621801445
15.602481709997852
15.602481428916667
15.60248206852021
15.60248206852021
15.60248206852021
15.60248206852021
15.602482356296704
15.602479094220683
15.60247980983139
15.602481428916667
15.602481428916667
15.602481428916667
15.602481428916667
15.602481428916667
15.602481428916667
15.602481528107718
15.602481528107718
15.602481528107718
15.602482123732774
15.602481428916667
15.602482356296704
15.602482356296704
15.602482356296704
15.602482356296704
15.602482356296704
15.602482356296704
15.602482356296704
15.602482373268082
15.602482373268082
15.602482356296704
15.602482373268082
15.602482367531026
15.602482367531026
15.60248236825042
15.60248236825042
15.60248236825042
15.60248236825042
15.60248236825042
15.60248236825042
15.602482373268082
15.602482373268082
15.602482373268082
15.602482373268082
15.602482373507879
15.602482373268082
15.602482373268082
15.602482373268082
15.602482373268082
15.602482373268082
15.602482373268082
15.602482373268082
15.602482373507879
15.602482373507879
15.602482373507879
15.602482373507879
15.602482373507879
15.602482373507879
15.602482373507879
15.602482373507879
15.602482373507879
15.602482373507879
15.602482373507879
15.602482373507879
15.602482373507879
15.602482373507879
15.602482373507879
15.602482373507879
15.602482373507879
15.602482373507879
15.602482373507879
15.602482373507879
15.602482373507879
15.602481528107718
15.602482373507879
15.60248235749571
15.60248236825042
15.602482373268082
15.602482373268082
15.602482373268082
15.602482373268082
15.602482373268082
15.602482373268082
15.602482373268082
15.602482373268082
15.602482373268082
15.602482373507879
15.602482373507879
15.60248235749571
15.60248235749571
15.60248235749571
15.60248235749571
15.60248236825042
15.602482373507879
15.602482373507879
15.602482373507879
15.60248236825042
15.60248236825042
15.602482173448045
15.602482173448045
15.602480861788578
15.60248236825042
15.60248235749571
15.602481333589918
15.602482373507879
15.602482373507879
15.602482373268082
15.602482373268082
15.602482373268082
15.602482373507879
15.602482373268082
15.602482373268082
15.60248235749571
15.602482373268082
15.60248235749571
15.602482373268082
15.60248235749571
15.60248235749571
15.602482373268082
15.60248236825042
15.602482373268082
15.602482373268082
15.602482373268082
15.602482339565118
15.602482339565118
15.602482339565118
15.602482367531026
15.602482339565118
15.602482339565118
15.602482339565118
15.602482373507879
15.602482339565118
15.602482339565118
15.602482339565118
15.602482319494554
15.602482356296704
15.602482319494554
15.602482356296704
15.602482356296704
15.602482356296704
15.602482356296704
15.602482123732774
15.602482123732774
15.602482319494554
15.602482341243753
15.60248235749571
15.60248235749571
15.602482341243753
15.602482341243753
15.602482319494554
15.602482259504434
15.602482259504434
15.60248235749571
15.60248235749571
15.60248235749571
15.602482373507879
15.602482367531026
15.602482367531026
15.602482367531026
15.602482373507879
15.602482373507879
15.60248236825042
15.60248235749571
15.60248235749571
15.602482367531026
15.602482367531026
15.602482367531026
15.602482367531026
15.602482367531026
15.602482367531026
15.60248236825042
15.60248236825042
15.60248236825042
15.60248236825042
15.602482373268082
15.60248236825042
15.60248236825042
15.60248236825042
15.60248236825042
15.60248236825042
15.602482373268082
15.60248236825042
15.602482289610126
15.602482289610126
15.602482289610126
15.602482289610126
15.602482289610126
15.602482289610126
15.602482367531026
15.602482289610126
15.602482289610126
15.602482289610126
15.602482373507879
15.602482373507879
15.602482373507879
15.60248236825042
15.602482373507879
15.602482373507879
15.602482373507879
15.602482373507879
15.602482373507879
15.602482373507879
15.602482373507879
15.602482373507879
15.602482373507879
15.602482373507879
15.602482373507879
15.602482373507879
15.602482373268082
15.602482373507879
15.602482373507879
15.602482373268082
15.602482373268082
15.602482373268082
15.602482373268082
15.602482373268082
15.602482373507879
15.602482373507879
15.602482373268082
15.602482373268082
15.602482373268082
15.602482373507879
15.602482259504434
15.602482373507879
15.60248236825042
15.602482373268082
15.602482367531026
15.602482373268082
15.602482373268082
15.602482373268082
15.602482373507879
15.602482373507879
15.602482373507879
15.602482373268082
15.602482373507879
15.602482373268082
15.602482373268082
15.60248231733626
15.602482373268082
15.602482373268082
15.602482373268082
15.602482356296704
15.602482356296704
15.602482373268082
15.602482373268082
15.602482373268082
15.602482373268082
15.602482373268082
15.602482373268082
15.602482373268082
15.602482373268082
15.602482373268082
15.60248236825042
15.602482373268082
15.602482373268082
15.60248236825042
15.602482373268082
15.602482373507879
15.602482373507879
15.602482373507879
15.602482373507879
15.602482373507879
15.602482373507879
15.602482373268082
15.602482373268082
15.602482373268082
15.602482373268082
15.602482373507879
15.602482373507879
15.602482373507879
15.602482373507879
15.602482373268082
15.602482373507879
15.602482373268082
15.602482373507879
15.602482373507879
15.602482373507879
15.602482373507879
15.602482373507879
15.602482373507879
15.602482373507879
15.602482373268082
15.602482373268082
15.602482373268082
15.602482373507879
15.602482373507879
15.602482373507879
15.602482373507879
15.602482373507879
15.602482373507879
15.602482373507879
15.602482373507879
15.602482319494554
15.60248231733626
15.602482373507879
15.602482373507879
15.602482373507879
15.602482373507879
15.602482373268082
15.602482373507879
15.602482373507879
15.602482373507879
15.602482373507879
15.602482373507879
15.602482373507879
15.602482373507879
15.602482373507879
15.602482373507879
15.602482373507879
15.602482373268082
15.602482373507879
15.602482373507879
15.602482373507879
15.602482373507879
15.602482373507879
15.602482373507879
15.60248236825042
15.60248236825042
15.60248236825042
15.60248236825042
15.602482367531026
15.602482367531026
15.60248236825042
15.60248236825042
15.60248236825042
15.60248236825042
15.60248236825042
15.60248236825042
15.60248236825042
15.60248235749571
15.60248235749571
15.60248235749571
15.60248235749571
15.60248236825042
15.602482373507879
15.602482373507879
15.60248235749571
15.60248235749571
15.60248236825042
15.60248236825042
15.60248235749571
15.60248109835953
15.60248109835953
15.602480977179145
15.60248109835953
15.60248109835953
15.60248235749571
15.60248235749571
15.60248235749571
15.602482373507879
15.602482373507879
15.602482367531026
15.602482367531026
15.602482367531026
15.602482373507879
15.60248235749571
15.60248235749571
15.60248236825042
15.602482373507879
15.602482373507879
15.602482373507879
15.602482373507879
15.602482373507879
15.60248236825042
15.60248236825042
15.60248236825042
15.60248236825042
15.60248236825042
15.60248236825042
15.602482373507879
15.602482373507879
15.602482373507879
15.602482373507879
15.602482373507879
15.60248235749571
15.602482373507879
15.602482373507879
15.602482373507879
15.602482373507879
15.602482373507879
15.602482373507879
15.602482373507879
15.602482373268082
15.602482373268082
15.602482373268082
15.602482373268082
15.602482373268082
15.602482373268082
15.60248236825042
15.602482373507879
15.60248236825042
15.602482373507879
15.602482373507879
15.602482373507879
15.602482373507879
15.602482373507879
15.602482373507879
15.602482373507879
15.602482373507879
15.602482373507879
15.602482373507879
15.602482373268082
15.602482373507879
15.602482373507879
15.602482373268082
15.602482373507879
15.602482373507879
15.602482373507879
15.602482373507879
15.602482373507879
15.602482373507879
15.602482373507879
15.602482373268082
15.602482373507879
15.602482373268082
15.602482373507879
15.602482373507879
15.602482373507879
15.602482373507879
15.602482373507879
15.602482373507879
15.602482373507879
15.602482373507879
15.602482373507879
15.60248236825042
15.60248236825042
15.602482373268082
15.60248236825042
15.602482373268082
15.602482373268082
15.602482373507879
15.602482373507879
15.602482373507879
15.60248236825042
15.60248236825042
15.60248236825042
15.60248236825042
15.60248236825042
15.602482341243753
15.602482341243753
15.60248236825042
15.602482319494554
15.602482373268082
15.602482373268082
15.602482373268082
15.602482373268082
15.602482373268082
15.602482373268082
15.602482373268082
15.602482373268082
15.602482373268082
15.602482373268082
15.602482373268082
15.60248231733626
15.602482221263525
15.602482221263525
15.602482221263525
15.60248206852021
15.602482013327641
15.602482177525388
15.602482013327641
15.602482221263525
15.602482013327641
15.602482177525388
15.602482221263525
15.602482221263525
15.602481876376409
15.602482221263525
15.602482221263525
15.602482123732774
15.602482221263525
15.602482123732774
15.602482123732774
15.602482367531026
15.602482367531026
15.602482367531026
15.602482356296704
15.60248236825042
15.60248236825042
15.60248236825042
15.60248236825042
15.60248236825042
15.60248236825042
15.602481941603187
15.602482367531026
15.60248236825042
15.60248236825042
15.602482373268082
15.60248236825042
15.60248235749571
15.602482373268082
15.60248235749571
15.60248235749571
15.602482373507879
15.602482373507879
15.602482373507879
15.602482373507879
15.602482373507879
15.602482373507879
15.602482373507879
15.602482373507879
15.602482373507879
15.602482373507879
15.602482373507879
15.602482373507879
15.602482373507879
15.602482373507879
15.602482373268082
15.602482373268082
15.602482373507879
15.60248236825042
15.602482373507879
15.602482373507879
15.60248236825042
15.60248236825042
15.602482373507879
15.602482373507879
15.602482373268082
15.602482256386716
15.602482256386716
15.602482256386716
15.602482356296704
15.602482289610126
15.602482339565118
15.602482367531026
15.602482367531026
15.602482367531026
15.602482367531026
15.602482367531026
15.602482373507879
15.602482367531026
15.602482367531026
15.602482373507879
15.602482339565118
15.602482339565118
15.602482367531026
15.602481869898718
15.602482373268082
15.602482292248112
15.602482339565118
15.602482373507879
15.602482373507879
15.602482373507879
15.602482373268082
15.602482373268082
15.602482373507879
15.60248206852021
15.602482173448045
15.60248206852021
15.602482373268082
15.602482373507879
15.602482373507879
15.60248206852021
15.60248206852021
15.60248206852021
15.60248206852021
15.60248206852021
15.602482123732774
15.60248206852021
15.60248206852021
15.602482123732774
15.602482123732774
15.602482341243753
15.602482341243753
15.602482356296704
15.602482367531026
15.60248235749571
15.602482341243753
15.60248231733626
15.60248236825042
15.60248236825042
15.60248236825042
15.60248236825042
15.60248236825042
15.60248236825042
15.602482373507879
15.602482373507879
15.60248236825042
15.60248236825042
15.602482373507879
15.602482373268082
15.602482373268082
15.602482373268082
15.602482373268082
15.602482373507879
15.602482373507879
15.602482373507879
15.602482373507879
15.602482373268082
15.602482373507879
15.602482373268082
15.602482373268082
15.602482373268082
15.602482373268082
15.602482373268082
15.602482373268082
15.602482373507879
15.602482373507879
15.602482373268082
15.602482373268082
15.602482373268082
15.602482373507879
15.602482373268082
15.602482373507879
15.602482373507879
15.602482373268082
15.602482373507879
15.602482373507879
15.602482373507879
15.602482373268082
15.602482373268082
15.602482373507879
15.602482373507879
15.602482373507879
15.602482373507879
15.602482373507879
15.602482373507879
15.602482373507879
15.60248236825042
15.60248236825042
15.602482341243753
15.60248235749571
15.60248207355744
15.602482221263525
15.602482221263525
15.60248207355744
15.602482177525388
15.602482013327641
15.602482013327641
15.602482013327641
15.60248194760063
15.602482221263525
15.602482221263525
15.602482221263525
15.602482177525388
15.602482177525388
15.602482177525388
15.602482221263525
15.602482221263525
15.602482177525388
15.602482221263525
15.602482221263525
15.602482221263525
15.602482221263525
15.602482221263525
15.602482221263525
15.602482221263525
15.602482221263525
15.602482221263525
15.602482221263525
15.602482221263525
15.602482221263525
15.602482221263525
15.602482221263525
15.602482221263525
15.602482221263525
15.602482221263525
15.602482221263525
15.602482221263525
15.602482221263525
15.602482221263525
15.602482221263525
15.602482221263525
15.602482221263525
15.602482221263525
15.602482221263525
15.602482221263525
15.602482221263525
15.602482221263525
15.602482221263525
15.602482221263525
15.602482221263525
15.602482221263525
15.602482221263525
15.602482221263525
15.602482221263525
15.602482221263525
15.602482221263525
15.602482221263525
15.602482128290024
15.602482013327641
15.602482013327641
15.602482013327641
15.602482013327641
15.602482013327641
15.602482013327641
15.602482013327641
15.602482013327641
15.602482013327641
15.602482013327641
15.602482177525388
15.602482013327641
15.602482128290024
15.602482013327641
15.602482177525388
15.602482013327641
15.602482013327641
15.602482221263525
15.602482177525388
15.602482221263525
15.602482221263525
15.602482221263525
15.602482221263525
15.602482221263525
15.602482221263525
15.602482221263525
15.602482221263525
15.602482221263525
