0.0
7.438108115630224
7.438242780009785
8.177433355446126
8.177433355446126
7.438242780009785
7.43797344202399
7.438242780009785
7.438242780009785
7.438242780009785
7.438242780009785
7.438242780009785
7.438242780009785
7.438242780009785
7.438242780009785
7.438175448973362
7.438175448973362
7.438175448973362
7.438242780009785
7.438175448973362
7.438242780009785
11.923371150242826
11.907310018071305
11.90745260385453
11.90745260385453
11.922427701240352
11.92354665463701
11.92356012546501
11.92356012546501
11.92354665463701
11.92356012546501
11.92356012546501
11.92356012546501
11.92354665463701
11.92354665463701
11.92354665463701
11.923533179593267
11.923533179593267
11.923506216858572
11.923506216858572
11.92356012546501
11.923479237260981
14.690737660469846
14.69093011202006
15.04486219341145
15.044403757966357
15.425292378740675
15.425642297290635
15.43119466341364
15.58870951147204
15.58870951147204
15.58870951147204
15.597756967170497
15.597742547406547
15.598601588302236
15.599973877712397
15.60046078116347
15.600576939768908
15.602012557496327
15.602443747694874
15.602443747694874
15.602460334961293
15.602446310475987
15.602464136896103
15.601912266033402
15.601932116506605
15.601932116506605
15.602371825556304
15.602371825556304
15.602380469713523
15.602380469713523
15.602380469713523
15.602412489253222
15.602412489253222
15.602437723636818
15.602437723636818
15.602434811161203
15.602434811161203
15.602436955903826
15.602482319494554
15.602482319494554
15.602482319494554
15.602482373507879
15.602482373507879
15.602482373507879
15.602482373507879
15.602482373507879
15.602482373507879
15.602482373268082
15.602482373268082
15.60248235749571
15.602482341243753
15.602482373507879
15.602482373507879
15.602482373507879
15.602482341243753
15.602482373507879
15.602482373507879
15.602482373507879
15.602482373507879
15.602482373507879
15.602482373507879
15.602482341243753
15.602482373507879
15.602482373507879
15.602482341243753
15.602482373268082
15.602482373268082
15.602482373268082
15.602482373268082
15.602482373268082
15.602482373268082
15.602482373268082
15.602482373268082
15.602482373268082
15.602482373268082
15.602482373268082
15.602482373268082
15.602482373507879
15.602482373268082
15.602482373507879
15.602482373268082
15.602482373268082
15.602482373268082
15.602482373268082
15.602482373268082
15.602482373268082
15.602482373268082
15.602482373268082
15.602482373268082
15.602482373268082
15.602482373268082
15.602482373268082
15.602482373268082
15.602482373268082
15.602482373507879
15.602482373507879
15.602482373268082
15.602482373268082
15.602481629720533
15.602482256386716
15.602481621801445
15.602482373268082
15.602482339565118
15.60248236825042
15.602482339565118
15.60248236825042
15.60248236825042
15.60248236825042
15.602481717436357
15.602482339565118
15.602482339565118
15.602482356296704
15.602479654322211
15.602479463020797
15.60248235749571
15.602482173448045
15.602482173448045
15.602482173448045
15.602482217666024
15.602482373507879
15.602482373507879
15.602482373507879
15.602482373507879
15.602482373268082
15.602481324228286
15.602481324228286
15.602481333589918
15.602481941603187
15.602482373507879
15.602482373507879
15.60248231733626
15.60248231733626
15.60248231733626
15.602482341243753
15.602482341243753
15.602482341243753
15.602482341243753
15.602482341243753
15.602482341243753
15.602482356296704
15.602482356296704
15.602482356296704
15.60248235749571
15.60248235749571
15.602482373507879
15.602482373268082
15.60248235749571
15.60248235749571
15.60248235749571
15.602482373507879
15.60248235749571
15.602481869898718
15.602481869898718
15.602482373507879
15.60248235749571
15.60248235749571
15.602482319494554
15.602482259504434
15.602482292248112
15.60248235749571
15.602482292248112
15.60248235749571
15.60248235749571
15.60248235749571
15.602482289610126
15.60248235749571
15.60248235749571
15.60248235749571
15.602482259504434
15.602482259504434
15.602482123732774
15.602482373507879
15.602482373507879
15.602482373507879
15.602482217666024
15.602477875391932
15.602477875391932
15.602476442068848
15.602477419605917
15.602481528107718
15.602481792696942
15.60247765024747
15.602477419605917
15.602477419605917
15.602477419605917
15.602476694698733
15.602477419605917
15.60247765024747
15.60248109835953
15.60247765024747
15.60247765024747
15.602480302032589
15.602481528107718
15.602481428916667
15.602481876376409
15.602481876376409
15.602481799654983
15.60248194760063
15.602481799654983
15.602481799654983
15.602482013327641
15.602482013327641
15.602482177525388
15.602482177525388
15.602482177525388
15.602482177525388
15.602482177525388
15.602482177525388
15.602482177525388
15.602482177525388
15.602482177525388
15.602482177525388
15.602482221263525
15.602482177525388
15.602482177525388
15.602482221263525
15.602482221263525
15.602482221263525
15.602482221263525
15.602482221263525
15.602482221263525
15.602482221263525
15.602482221263525
15.602482221263525
15.602482177525388
15.602482221263525
15.602482177525388
15.602482177525388
15.602482177525388
15.602482177525388
15.602482373268082
15.602482373268082
15.602482373507879
15.602482373507879
15.602482373507879
15.602482373507879
15.602482373507879
15.602482373268082
15.602482373507879
15.602482373507879
15.602482373507879
15.602482373507879
15.602482373507879
15.602482373268082
15.602482373507879
15.602482373507879
15.602482373507879
15.602482373268082
15.602482373507879
15.602482373268082
15.602482373268082
15.602482373268082
15.602482373507879
15.602482373268082
15.602482373268082
15.60248236825042
15.60248236825042
15.60248236825042
15.602482373507879
15.602482367531026
15.602482367531026
15.60248235749571
15.602482341243753
15.602482341243753
15.602482341243753
15.602482373268082
15.602482341243753
15.602482341243753
15.602482341243753
15.602482341243753
15.602482339565118
15.602482356296704
15.602482319494554
15.602482319494554
15.60248236825042
15.602482319494554
15.602482319494554
15.60248236825042
15.60248236825042
15.60248236825042
15.60248236825042
15.60248236825042
15.60248206852021
15.60248206852021
15.602482292248112
15.602482292248112
15.602482221263525
15.602482292248112
15.602482341243753
15.602482341243753
15.602482341243753
15.60248236825042
15.602482373507879
15.602482373507879
15.602482373507879
15.602482373507879
15.602482373507879
15.602482373507879
15.602482373507879
15.60248207355744
15.602481799654983
15.602481799654983
15.602481799654983
15.602481629720533
15.602481629720533
15.602481717436357
15.602481717436357
15.602482221263525
15.602482221263525
15.602482221263525
15.602482221263525
15.602482221263525
15.602482221263525
15.602482221263525
15.602482221263525
15.602482221263525
15.602482221263525
15.602482221263525
15.602482221263525
15.602482221263525
15.602482221263525
15.602482221263525
15.602482221263525
15.602482221263525
15.602482221263525
15.602482221263525
15.602482221263525
15.602482221263525
15.602482221263525
15.602482221263525
15.602482221263525
15.602482221263525
15.602482221263525
15.602482221263525
15.602482221263525
15.602482221263525
15.602482221263525
15.602482221263525
15.602482177525388
15.602482221263525
15.602482221263525
15.602482221263525
15.602482221263525
15.602482221263525
15.602482221263525
15.602482221263525
15.602482221263525
15.602482221263525
15.60248194760063
15.602482177525388
15.602482221263525
15.602482177525388
15.60248194760063
15.60248194760063
15.602482013327641
15.60248194760063
15.602482177525388
15.602482177525388
15.602482177525388
15.602482177525388
15.602482177525388
15.602482221263525
15.602482221263525
15.602482221263525
15.602482221263525
15.602482221263525
15.602482221263525
15.602482221263525
15.602482177525388
15.602482177525388
15.602482177525388
15.602482177525388
15.602482177525388
15.602482177525388
15.602482177525388
15.602482221263525
15.602482177525388
15.602482221263525
15.602482221263525
15.602482221263525
15.602482221263525
15.602482373507879
15.602482373507879
15.602482373507879
15.60248236825042
15.60248236825042
15.60248235749571
15.602482373268082
15.602482373268082
15.602482373507879
15.602482373507879
15.602482373507879
15.60248231733626
15.60248231733626
15.602482367531026
15.602482367531026
15.602482367531026
15.602482339565118
15.602482339565118
15.602482339565118
15.602482373268082
15.602482339565118
15.602482339565118
15.602482341243753
15.602482339565118
15.602482373507879
15.602482339565118
15.602482339565118
15.602482339565118
15.602482339565118
15.602482373507879
15.602482373507879
15.602482373507879
15.602482356296704
15.602482356296704
15.602482356296704
15.602482341243753
15.602482356296704
15.602482367531026
15.602482367531026
15.602482356296704
15.602482356296704
15.602482367531026
15.602482367531026
15.602482367531026
15.602482367531026
15.602482367531026
15.602482367531026
15.602482367531026
15.602482367531026
15.602482367531026
15.602482367531026
15.602482367531026
15.602482367531026
15.602482373507879
15.602482373507879
15.602482373507879
15.602482373507879
15.602482373507879
15.602482373507879
15.602482367531026
15.602482367531026
15.602482367531026
15.602482367531026
15.602482373507879
15.602482373507879
15.602482373507879
15.60248235749571
15.602482373507879
15.602482373507879
15.602482373507879
15.602482373507879
15.602482373507879
15.602482373507879
15.60248236825042
15.60248235749571
15.60248235749571
15.60248235749571
15.602482373507879
15.602482373507879
15.602482373507879
15.602482373507879
15.602482373507879
15.602482373507879
15.60248236825042
15.60248236825042
15.60248236825042
15.602482367531026
15.60248236825042
15.602482373507879
15.60248236825042
15.60248236825042
15.60248235749571
15.60248235749571
15.60248235749571
15.60248236825042
15.60248235749571
15.60248235749571
15.60248235749571
15.60248236825042
15.60248236825042
15.60248236825042
15.60248236825042
15.60248236825042
15.602482373507879
15.602482373507879
15.602482373507879
15.602482373507879
15.602482373507879
15.602482373268082
15.602482373268082
15.602482373507879
15.602482373507879
15.602482373507879
15.602482373507879
15.602482373507879
15.602482373507879
15.602482373507879
15.602482373507879
15.602482373507879
15.602482373268082
15.60248236825042
15.602482373507879
15.602482373268082
15.602482373268082
15.602482373507879
15.602482373507879
15.602482373507879
15.602482373507879
15.602482373507879
15.602482373507879
15.602482373507879
15.602482373507879
15.60248236825042
15.60248236825042
15.60248236825042
15.60248236825042
15.602482373507879
15.602482373507879
15.602482373507879
15.602482373507879
15.602482373507879
15.602482373507879
15.602482373507879
15.602482373507879
15.602482373507879
15.602482373507879
15.602482373507879
15.602482373507879
15.602482373507879
15.602482341243753
15.602482373507879
15.602482373507879
15.602482373507879
15.602482373507879
15.602482373268082
15.602482373507879
15.602482373507879
15.602482373507879
15.602482373507879
15.602482367531026
15.60248236825042
15.60248236825042
15.602482367531026
15.602482373507879
15.602482367531026
15.602482367531026
15.602482367531026
15.602482367531026
15.602482367531026
15.602482367531026
15.602482367531026
15.602482373507879
15.602482373507879
15.602482373507879
15.602482373507879
15.602482373507879
15.602482373507879
15.602482373507879
15.602482373507879
15.602482373507879
15.602482373507879
15.602482373507879
15.602482373507879
15.602482373507879
15.602482373507879
15.602482373507879
15.602482373507879
15.602482373507879
15.602482373507879
15.602482373507879
15.602482373507879
15.602482373507879
15.602482373268082
15.602482373507879
15.602482373507879
15.602482373507879
15.602482373507879
15.602482373507879
15.602482373268082
15.602482373507879
15.602482373507879
15.602482373507879
15.602482373507879
15.602482373507879
15.602482373507879
15.602482373507879
15.602482373507879
15.602482373507879
15.602482373507879
15.602482373507879
15.602482373507879
15.602482373507879
15.602482373507879
15.602482373507879
15.602482373507879
15.602482373507879
15.602482373507879
15.602482373507879
15.602482373507879
15.602482373507879
15.602482373507879
15.602482373507879
15.602482373507879
15.602482373507879
15.602482373507879
15.602482373507879
15.602482373507879
15.602482373507879
15.602482373507879
15.602482373507879
15.602482373507879
15.602482373507879
15.60248235749571
15.602482373268082
15.602482373268082
15.60248235749571
15.602482289610126
15.602482289610126
15.602482289610126
15.602482289610126
15.602482367531026
15.602482367531026
15.60248235749571
15.602482367531026
15.60248235749571
15.60248236825042
15.60248236825042
15.60248235749571
15.60248236825042
15.60248236825042
15.60248236825042
15.60248236825042
15.60248236825042
15.60248236825042
15.602482373268082
15.602482373268082
15.602482373268082
15.602482373507879
15.602482373268082
15.602482373507879
15.602482373507879
15.602482373268082
15.602482373268082
15.602482373268082
15.602482259504434
15.602482123732774
15.602482341243753
15.602482259504434
15.602482013327641
15.602479639174783
15.6024805929049
15.602481799654983
15.602479478651773
15.602480148350711
15.602480148350711
15.602480148350711
15.602480288816993
15.602481437797309
15.602482319494554
15.602482319494554
15.602482319494554
15.602481629720533
15.602481629720533
15.602481717436357
15.60248194760063
15.602482013327641
15.602482013327641
15.602482128290024
15.60248194760063
15.60248194760063
15.60248194760063
15.602482177525388
15.602482177525388
15.602482128290024
15.602482177525388
15.602482177525388
15.602482177525388
15.602482177525388
15.602482177525388
15.602482221263525
15.602482128290024
15.602482128290024
15.602482128290024
15.602482128290024
15.602482128290024
15.602482128290024
15.602482128290024
15.602482128290024
15.602482128290024
15.602482128290024
15.602482173448045
15.602482177525388
15.602482177525388
15.602482177525388
15.602482177525388
15.602482128290024
15.602482177525388
15.602482221263525
15.602482221263525
15.602482177525388
15.602482177525388
15.602482177525388
15.602482177525388
15.602482256386716
15.602482256386716
15.602482356296704
15.602482256386716
15.602482256386716
15.60248236825042
15.60248236825042
15.60248236825042
15.60248236825042
15.60248236825042
15.60248236825042
15.60248236825042
15.60248236825042
15.60248236825042
15.60248236825042
15.602482289610126
15.602482367531026
15.602482367531026
15.602482339565118
15.602482339565118
15.602482339565118
15.602482339565118
15.602482367531026
15.602482356296704
15.602482356296704
15.602482292248112
15.602482373507879
15.602482256386716
15.60248235749571
15.602482256386716
15.602482256386716
15.602482339565118
15.602482256386716
15.602482356296704
15.602482356296704
15.602482356296704
15.602482367531026
15.60248236825042
15.602482367531026
15.602482367531026
15.602482367531026
15.602482367531026
15.602482367531026
15.602482367531026
15.602482367531026
15.602482367531026
15.602482367531026
15.602482367531026
15.602482367531026
15.602482367531026
15.602482367531026
15.602482339565118
15.60248235749571
15.60248235749571
15.60248236825042
15.60248235749571
15.60248235749571
15.602482356296704
15.602482356296704
15.602482356296704
15.602480148350711
15.602482217666024
15.602482373507879
15.60248073009532
15.602481437797309
15.602481629720533
15.602480302032589
15.60248073009532
15.60248073009532
15.602480861788578
15.60248194760063
15.602482128290024
15.60248194760063
15.60248194760063
15.602482221263525
15.602482356296704
15.60248231733626
15.60248231733626
15.602482341243753
15.602482367531026
15.602482367531026
15.60248231733626
15.602482356296704
15.602482356296704
15.602482356296704
15.602482356296704
15.602482356296704
15.602482356296704
15.602482356296704
15.60248236825042
15.60248236825042
15.60248236825042
15.60248236825042
15.60248236825042
15.60248236825042
15.60248236825042
15.60248236825042
15.60248236825042
15.60248236825042
15.60248236825042
15.60248236825042
15.60248235749571
15.602482367531026
15.602482292248112
15.602482292248112
15.602482289610126
15.602482292248112
15.60248236825042
15.602482292248112
15.60248236825042
15.602482373268082
15.602482259504434
15.602482259504434
15.602482217666024
15.602482217666024
15.602482217666024
15.60248235749571
15.60248235749571
15.60248235749571
15.60248236825042
15.602482373268082
15.602482373268082
15.602482373507879
15.602482373507879
15.602482373507879
15.602482373268082
15.602482373507879
15.602482373507879
15.602482373507879
15.602482373507879
15.602482373507879
15.602482373507879
15.602482373507879
15.602482217666024
15.602482339565118
15.60248231733626
15.602482217666024
15.602482173448045
15.602482217666024
15.602482217666024
15.60248231733626
15.60248235749571
15.602482373507879
15.60248235749571
15.602482373268082
15.602482373507879
15.602482373507879
15.602482373507879
15.602482373507879
15.602482373268082
15.602482373507879
15.602482373268082
15.602482256386716
15.602482256386716
15.602482256386716
15.60248236825042
15.602482356296704
15.602482356296704
15.602460378807118
15.602460378807118
15.602469114397568
15.602470235091204
15.602482289610126
15.602482367531026
15.602482367531026
15.60248236825042
15.602482289610126
15.602482356296704
15.602482373507879
15.602482367531026
15.602482367531026
15.602482373507879
15.602482367531026
15.602482373507879
15.60248236825042
15.602482367531026
15.602482367531026
15.60248236825042
15.60248236825042
15.602482373268082
15.602482373507879
15.602482367531026
15.602482367531026
15.602482367531026
15.602482367531026
15.602482367531026
15.602482367531026
15.602482367531026
15.602482367531026
15.602482367531026
15.602482341243753
15.60248231733626
15.602482367531026
15.602482367531026
15.602482367531026
15.602482367531026
15.602482367531026
15.602482367531026
15.60248236825042
15.60248236825042
15.60248236825042
15.60248236825042
15.602482373268082
15.602482373268082
15.602482373268082
15.602482367531026
15.602482373268082
15.602482373268082
15.602482373507879
15.602482373507879
15.602482373507879
15.602482373507879
15.602482373507879
15.602482373507879
15.602482373507879
15.602482373507879
15.602482373507879
15.602482373507879
15.602481214042577
15.60248200781035
15.602475920317858
15.602465455480282
15.602465455480282
15.602466724591991
15.60246713663533
15.60246713663533
15.60248207355744
15.60248207355744
15.60248207355744
15.60248207355744
15.602482221263525
15.602482221263525
15.602482221263525
15.602482221263525
15.602482221263525
15.602482221263525
15.602482221263525
15.602482221263525
15.602482221263525
15.602482221263525
15.602482221263525
15.602482221263525
15.602482221263525
15.602482221263525
15.602482221263525
15.602482221263525
15.602482221263525
15.602482221263525
15.602482221263525
15.602482221263525
15.602482221263525
15.602482221263525
15.602482221263525
15.602482221263525
15.602482177525388
